         1     1.00000000000000E+00
         2     4.59395595843149E-01
         3     3.23426704587776E-01
         4     2.52812241640235E-01
         5     2.08880604179240E-01
         6     1.78547262099229E-01
         7     1.56213627240922E-01
         8     1.39014851767830E-01
         9     1.25323839900735E-01
        10     1.14142773247887E-01
        11     1.04823656997482E-01
        12     9.69263517596789E-02
        13     9.01408835156243E-02
        14     8.42423277081379E-02
        15     7.90633214210069E-02
        16     7.44766333875204E-02
        17     7.03837325537478E-02
        18     6.67070702954875E-02
        19     6.33847370379591E-02
        20     6.03666800671551E-02
        21     5.76119734799102E-02
        22     5.50868128722341E-02
        23     5.27630191084190E-02
        24     5.06169060287158E-02
        25     4.86284125080730E-02
        26     4.67804293242660E-02
        27     4.50582714938303E-02
        28     4.34492605506545E-02
        29     4.19423908446589E-02
        30     4.05280607096330E-02
        31     3.91978541900432E-02
        32     3.79443625203848E-02
        33     3.67610371166075E-02
        34     3.56420677385657E-02
        35     3.45822809028668E-02
        36     3.35770546975436E-02
        37     3.26222469663628E-02
        38     3.17141344572078E-02
        39     3.08493610136909E-02
        40     3.00248932667369E-02
        41     2.92379825789433E-02
        42     2.84861322281600E-02
        43     2.77670690021455E-02
        44     2.70787185241518E-02
        45     2.64191837480217E-02
        46     2.57867261571602E-02
        47     2.51797492793189E-02
        48     2.45967841923521E-02
        49     2.40364767477860E-02
        50     2.34975762815237E-02
        51     2.29789256160902E-02
        52     2.24794521878897E-02
        53     2.19981601571603E-02
        54     2.15341233785625E-02
        55     2.10864791273285E-02
        56     2.06544224902462E-02
        57     2.02372013428741E-02
        58     1.98341118446955E-02
        59     1.94444943927175E-02
        60     1.90677299815464E-02
        61     1.87032369244249E-02
        62     1.83504678953113E-02
        63     1.80089072568671E-02
        64     1.76780686434207E-02
        65     1.73574927715916E-02
        66     1.70467454544253E-02
        67     1.67454157976575E-02
        68     1.64531145591492E-02
        69     1.61694726546551E-02
        70     1.58941397949608E-02
        71     1.56267832410737E-02
        72     1.53670866655999E-02
        73     1.51147491097307E-02
        74     1.48694840263972E-02
        75     1.46310184011577E-02
        76     1.43990919432818E-02
        77     1.41734563402872E-02
        78     1.39538745698890E-02
        79     1.37401202639579E-02
        80     1.35319771196384E-02
        81     1.33292383532781E-02
        82     1.31317061932678E-02
        83     1.29391914082881E-02
        84     1.27515128678136E-02
        85     1.25684971320439E-02
        86     1.23899780687155E-02
        87     1.22157964945019E-02
        88     1.20457998389341E-02
        89     1.18798418289835E-02
        90     1.17177821926274E-02
        91     1.15594863798754E-02
        92     1.14048252998959E-02
        93     1.12536750729956E-02
        94     1.11059167963367E-02
        95     1.09614363223737E-02
        96     1.08201240490871E-02
        97     1.06818747211831E-02
        98     1.05465872414926E-02
        99     1.04141644918835E-02
       100     1.02845131630526E-02
       101     1.01575435926245E-02
       102     1.00331696110297E-02
       103     9.91130839468427E-03
       104     9.79188032602721E-03
       105     9.67480886001348E-03
       106     9.56002039668954E-03
       107     9.44744415950981E-03
       108     9.33701207907659E-03
       109     9.22865868201206E-03
       110     9.12232098469234E-03
       111     9.01793839159091E-03
       112     8.91545259799976E-03
       113     8.81480749690836E-03
       114     8.71594908984136E-03
       115     8.61882540146118E-03
       116     8.52338639776127E-03
       117     8.42958390768120E-03
       118     8.33737154798832E-03
       119     8.24670465127835E-03
       120     8.15754019695537E-03
       121     8.06983674506045E-03
       122     7.98355437282509E-03
       123     7.89865461383032E-03
       124     7.81510039966294E-03
       125     7.73285600395977E-03
       126     7.65188698874137E-03
       127     7.57216015293886E-03
       128     7.49364348302190E-03
       129     7.41630610564281E-03
       130     7.34011824221075E-03
       131     7.26505116531939E-03
       132     7.19107715695054E-03
       133     7.11816946838274E-03
       134     7.04630228173245E-03
       135     6.97545067306608E-03
       136     6.90559057701381E-03
       137     6.83669875282868E-03
       138     6.76875275182940E-03
       139     6.70173088617254E-03
       140     6.63561219889923E-03
       141     6.57037643520507E-03
       142     6.50600401488430E-03
       143     6.44247600589916E-03
       144     6.37977409902955E-03
       145     6.31788058356018E-03
       146     6.25677832396081E-03
       147     6.19645073752110E-03
       148     6.13688177289986E-03
       149     6.07805588955280E-03
       150     6.01995803800107E-03
       151     5.96257364090793E-03
       152     5.90588857492980E-03
       153     5.84988915330958E-03
       154     5.79456210918209E-03
       155     5.73989457956302E-03
       156     5.68587408999200E-03
       157     5.63248853980413E-03
       158     5.57972618800261E-03
       159     5.52757563970959E-03
       160     5.47602583316931E-03
       161     5.42506602728216E-03
       162     5.37468578964711E-03
       163     5.32487498509090E-03
       164     5.27562376466527E-03
       165     5.22692255509101E-03
       166     5.17876204863157E-03
       167     5.13113319337807E-03
       168     5.08402718392776E-03
       169     5.03743545244083E-03
       170     4.99134966005901E-03
       171     4.94576168867075E-03
       172     4.90066363300915E-03
       173     4.85604779306814E-03
       174     4.81190666682414E-03
       175     4.76823294324989E-03
       176     4.72501949560881E-03
       177     4.68225937501748E-03
       178     4.63994580426594E-03
       179     4.59807217188441E-03
       180     4.55663202644558E-03
       181     4.51561907109462E-03
       182     4.47502715829490E-03
       183     4.43485028478210E-03
       184     4.39508258671753E-03
       185     4.35571833503219E-03
       186     4.31675193095373E-03
       187     4.27817790170899E-03
       188     4.23999089639386E-03
       189     4.20218568200490E-03
       190     4.16475713962479E-03
       191     4.12770026075553E-03
       192     4.09101014379385E-03
       193     4.05468199064200E-03
       194     4.01871110344889E-03
       195     3.98309288147614E-03
       196     3.94782281808368E-03
       197     3.91289649782985E-03
       198     3.87830959368200E-03
       199     3.84405786433185E-03
       200     3.81013715161236E-03
       201     3.77654337801136E-03
       202     3.74327254427837E-03
       203     3.71032072711990E-03
       204     3.67768407698111E-03
       205     3.64535881590869E-03
       206     3.61334123549288E-03
       207     3.58162769488470E-03
       208     3.55021461888540E-03
       209     3.51909849610586E-03
       210     3.48827587719193E-03
       211     3.45774337311414E-03
       212     3.42749765351866E-03
       213     3.39753544513696E-03
       214     3.36785353025237E-03
       215     3.33844874522039E-03
       216     3.30931797904122E-03
       217     3.28045817198265E-03
       218     3.25186631425031E-03
       219     3.22353944470470E-03
       220     3.19547464962171E-03
       221     3.16766906149655E-03
       222     3.14011985788755E-03
       223     3.11282426030022E-03
       224     3.08577953310804E-03
       225     3.05898298251004E-03
       226     3.03243195552319E-03
       227     3.00612383900802E-03
       228     2.98005605872635E-03
       229     2.95422607843029E-03
       230     2.92863139898059E-03
       231     2.90326955749390E-03
       232     2.87813812651716E-03
       233     2.85323471322877E-03
       234     2.82855695866491E-03
       235     2.80410253697059E-03
       236     2.77986915467410E-03
       237     2.75585454998395E-03
       238     2.73205649210806E-03
       239     2.70847278059358E-03
       240     2.68510124468692E-03
       241     2.66193974271360E-03
       242     2.63898616147629E-03
       243     2.61623841567142E-03
       244     2.59369444732286E-03
       245     2.57135222523247E-03
       246     2.54920974444684E-03
       247     2.52726502573932E-03
       248     2.50551611510756E-03
       249     2.48396108328491E-03
       250     2.46259802526616E-03
       251     2.44142505984672E-03
       252     2.42044032917439E-03
       253     2.39964199831406E-03
       254     2.37902825482440E-03
       255     2.35859730834592E-03
       256     2.33834739020055E-03
       257     2.31827675300199E-03
       258     2.29838367027644E-03
       259     2.27866643609361E-03
       260     2.25912336470735E-03
       261     2.23975279020576E-03
       262     2.22055306617036E-03
       263     2.20152256534435E-03
       264     2.18265967930893E-03
       265     2.16396281816808E-03
       266     2.14543041024141E-03
       267     2.12706090176459E-03
       268     2.10885275659701E-03
       269     2.09080445593703E-03
       270     2.07291449804383E-03
       271     2.05518139796622E-03
       272     2.03760368727798E-03
       273     2.02017991381923E-03
       274     2.00290864144426E-03
       275     1.98578844977503E-03
       276     1.96881793396054E-03
       277     1.95199570444169E-03
       278     1.93532038672135E-03
       279     1.91879062114009E-03
       280     1.90240506265649E-03
       281     1.88616238063256E-03
       282     1.87006125862381E-03
       283     1.85410039417407E-03
       284     1.83827849861474E-03
       285     1.82259429686813E-03
       286     1.80704652725530E-03
       287     1.79163394130795E-03
       288     1.77635530358393E-03
       289     1.76120939148711E-03
       290     1.74619499509054E-03
       291     1.73131091696343E-03
       292     1.71655597200170E-03
       293     1.70192898726173E-03
       294     1.68742880179776E-03
       295     1.67305426650211E-03
       296     1.65880424394896E-03
       297     1.64467760824085E-03
       298     1.63067324485835E-03
       299     1.61679005051248E-03
       300     1.60302693300006E-03
       301     1.58938281106170E-03
       302     1.57585661424250E-03
       303     1.56244728275527E-03
       304     1.54915376734646E-03
       305     1.53597502916415E-03
       306     1.52291003962892E-03
       307     1.50995778030669E-03
       308     1.49711724278396E-03
       309     1.48438742854523E-03
       310     1.47176734885263E-03
       311     1.45925602462749E-03
       312     1.44685248633425E-03
       313     1.43455577386600E-03
       314     1.42236493643222E-03
       315     1.41027903244838E-03
       316     1.39829712942727E-03
       317     1.38641830387234E-03
       318     1.37464164117251E-03
       319     1.36296623549908E-03
       320     1.35139118970393E-03
       321     1.33991561521963E-03
       322     1.32853863196113E-03
       323     1.31725936822880E-03
       324     1.30607696061327E-03
       325     1.29499055390162E-03
       326     1.28399930098499E-03
       327     1.27310236276777E-03
       328     1.26229890807805E-03
       329     1.25158811357947E-03
       330     1.24096916368443E-03
       331     1.23044125046860E-03
       332     1.22000357358664E-03
       333     1.20965534018933E-03
       334     1.19939576484168E-03
       335     1.18922406944245E-03
       336     1.17913948314479E-03
       337     1.16914124227790E-03
       338     1.15922859026997E-03
       339     1.14940077757222E-03
       340     1.13965706158376E-03
       341     1.12999670657789E-03
       342     1.12041898362920E-03
       343     1.11092317054167E-03
       344     1.10150855177780E-03
       345     1.09217441838880E-03
       346     1.08292006794564E-03
       347     1.07374480447103E-03
       348     1.06464793837234E-03
       349     1.05562878637545E-03
       350     1.04668667145945E-03
       351     1.03782092279215E-03
       352     1.02903087566659E-03
       353     1.02031587143819E-03
       354     1.01167525746288E-03
       355     1.00310838703596E-03
       356     9.94614619331685E-04
       357     9.86193319343872E-04
       358     9.77843857826781E-04
       359     9.69565611237397E-04
       360     9.61357961677863E-04
       361     9.53220296838875E-04
       362     9.45152009943878E-04
       363     9.37152499693816E-04
       364     9.29221170212526E-04
       365     9.21357430992905E-04
       366     9.13560696843801E-04
       367     9.05830387837313E-04
       368     8.98165929256978E-04
       369     8.90566751546413E-04
       370     8.83032290258665E-04
       371     8.75561986006094E-04
       372     8.68155284410983E-04
       373     8.60811636056598E-04
       374     8.53530496438805E-04
       375     8.46311325918502E-04
       376     8.39153589674140E-04
       377     8.32056757655446E-04
       378     8.25020304536979E-04
       379     8.18043709672791E-04
       380     8.11126457051276E-04
       381     8.04268035250641E-04
       382     7.97467937394966E-04
       383     7.90725661110580E-04
       384     7.84040708483090E-04
       385     7.77412586014766E-04
       386     7.70840804582627E-04
       387     7.64324879396624E-04
       388     7.57864329958650E-04
       389     7.51458680021903E-04
       390     7.45107457550478E-04
       391     7.38810194679754E-04
       392     7.32566427676965E-04
       393     7.26375696902259E-04
       394     7.20237546770273E-04
       395     7.14151525712020E-04
       396     7.08117186137181E-04
       397     7.02134084396922E-04
       398     6.96201780747065E-04
       399     6.90319839311436E-04
       400     6.84487828046046E-04
       401     6.78705318703198E-04
       402     6.72971886796347E-04
       403     6.67287111564991E-04
       404     6.61650575940246E-04
       405     6.56061866510583E-04
       406     6.50520573487988E-04
       407     6.45026290674462E-04
       408     6.39578615428978E-04
       409     6.34177148634510E-04
       410     6.28821494665747E-04
       411     6.23511261356835E-04
       412     6.18246059969761E-04
       413     6.13025505162694E-04
       414     6.07849214958969E-04
       415     6.02716810716321E-04
       416     5.97627917096192E-04
       417     5.92582162033755E-04
       418     5.87579176707894E-04
       419     5.82618595511616E-04
       420     5.77700056022837E-04
       421     5.72823198975411E-04
       422     5.67987668230344E-04
       423     5.63193110747419E-04
       424     5.58439176557120E-04
       425     5.53725518732742E-04
       426     5.49051793362868E-04
       427     5.44417659524002E-04
       428     5.39822779253639E-04
       429     5.35266817523438E-04
       430     5.30749442212865E-04
       431     5.26270324082772E-04
       432     5.21829136749594E-04
       433     5.17425556659611E-04
       434     5.13059263063368E-04
       435     5.08729937990676E-04
       436     5.04437266225402E-04
       437     5.00180935281026E-04
       438     4.95960635375863E-04
       439     4.91776059409097E-04
       440     4.87626902936598E-04
       441     4.83512864147177E-04
       442     4.79433643839172E-04
       443     4.75388945396896E-04
       444     4.71378474767788E-04
       445     4.67401940439387E-04
       446     4.63459053416711E-04
       447     4.59549527199932E-04
       448     4.55673077761971E-04
       449     4.51829423526628E-04
       450     4.48018285346781E-04
       451     4.44239386482728E-04
       452     4.40492452580891E-04
       453     4.36777211652506E-04
       454     4.33093394052807E-04
       455     4.29440732460152E-04
       456     4.25818961855419E-04
       457     4.22227819501698E-04
       458     4.18667044924020E-04
       459     4.15136379889382E-04
       460     4.11635568386936E-04
       461     4.08164356608338E-04
       462     4.04722492928313E-04
       463     4.01309727885392E-04
       464     3.97925814162754E-04
       465     3.94570506569474E-04
       466     3.91243562021654E-04
       467     3.87944739523869E-04
       468     3.84673800150952E-04
       469     3.81430507029477E-04
       470     3.78214625320058E-04
       471     3.75025922199184E-04
       472     3.71864166841703E-04
       473     3.68729130403178E-04
       474     3.65620586002510E-04
       475     3.62538308704741E-04
       476     3.59482075504008E-04
       477     3.56451665306550E-04
       478     3.53446858914031E-04
       479     3.50467439006916E-04
       480     3.47513190128052E-04
       481     3.44583898666306E-04
       482     3.41679352840462E-04
       483     3.38799342683258E-04
       484     3.35943660025477E-04
       485     3.33112098480234E-04
       486     3.30304453427493E-04
       487     3.27520521998520E-04
       488     3.24760103060730E-04
       489     3.22022997202468E-04
       490     3.19309006718001E-04
       491     3.16617935592714E-04
       492     3.13949589488293E-04
       493     3.11303775728173E-04
       494     3.08680303283120E-04
       495     3.06078982756772E-04
       496     3.03499626371525E-04
       497     3.00942047954466E-04
       498     2.98406062923296E-04
       499     2.95891488272708E-04
       500     2.93398142560524E-04
       501     2.90925845894167E-04
       502     2.88474419917184E-04
       503     2.86043687796045E-04
       504     2.83633474206701E-04
       505     2.81243605321662E-04
       506     2.78873908797010E-04
       507     2.76524213759448E-04
       508     2.74194350793595E-04
       509     2.71884151929466E-04
       510     2.69593450629715E-04
       511     2.67322081777483E-04
       512     2.65069881663952E-04
       513     2.62836687976155E-04
       514     2.60622339785033E-04
       515     2.58426677533312E-04
       516     2.56249543023714E-04
       517     2.54090779407200E-04
       518     2.51950231171330E-04
       519     2.49827744128683E-04
       520     2.47723165405428E-04
       521     2.45636343429992E-04
       522     2.43567127921766E-04
       523     2.41515369880112E-04
       524     2.39480921573060E-04
       525     2.37463636526666E-04
       526     2.35463369513889E-04
       527     2.33479976544056E-04
       528     2.31513314852051E-04
       529     2.29563242887857E-04
       530     2.27629620306008E-04
       531     2.25712307955278E-04
       532     2.23811167868392E-04
       533     2.21926063251720E-04
       534     2.20056858475332E-04
       535     2.18203419062906E-04
       536     2.16365611681804E-04
       537     2.14543304133221E-04
       538     2.12736365342479E-04
       539     2.10944665349318E-04
       540     2.09168075298274E-04
       541     2.07406467429372E-04
       542     2.05659715068457E-04
       543     2.03927692618010E-04
       544     2.02210275547930E-04
       545     2.00507340386258E-04
       546     1.98818764710127E-04
       547     1.97144427136856E-04
       548     1.95484207314873E-04
       549     1.93837985914917E-04
       550     1.92205644621337E-04
       551     1.90587066123307E-04
       552     1.88982134106250E-04
       553     1.87390733243300E-04
       554     1.85812749186768E-04
       555     1.84248068559815E-04
       556     1.82696578948186E-04
       557     1.81158168891784E-04
       558     1.79632727876666E-04
       559     1.78120146326861E-04
       560     1.76620315596344E-04
       561     1.75133127961046E-04
       562     1.73658476610994E-04
       563     1.72196255642531E-04
       564     1.70746360050479E-04
       565     1.69308685720438E-04
       566     1.67883129421228E-04
       567     1.66469588797318E-04
       568     1.65067962361365E-04
       569     1.63678149486650E-04
       570     1.62300050399885E-04
       571     1.60933566173815E-04
       572     1.59578598720034E-04
       573     1.58235050781779E-04
       574     1.56902825926904E-04
       575     1.55581828540662E-04
       576     1.54271963818931E-04
       577     1.52973137761096E-04
       578     1.51685257163340E-04
       579     1.50408229611781E-04
       580     1.49141963475617E-04
       581     1.47886367900693E-04
       582     1.46641352802588E-04
       583     1.45406828860274E-04
       584     1.44182707509421E-04
       585     1.42968900936076E-04
       586     1.41765322070189E-04
       587     1.40571884579268E-04
       588     1.39388502862135E-04
       589     1.38215092042583E-04
       590     1.37051567963338E-04
       591     1.35897847179841E-04
       592     1.34753846954170E-04
       593     1.33619485248981E-04
       594     1.32494680721666E-04
       595     1.31379352718350E-04
       596     1.30273421267923E-04
       597     1.29176807076418E-04
       598     1.28089431521092E-04
       599     1.27011216644795E-04
       600     1.25942085150223E-04
       601     1.24881960394378E-04
       602     1.23830766382886E-04
       603     1.22788427764651E-04
       604     1.21754869826186E-04
       605     1.20730018486245E-04
       606     1.19713800290577E-04
       607     1.18706142406357E-04
       608     1.17706972617091E-04
       609     1.16716219317236E-04
       610     1.15733811507106E-04
       611     1.14759678787652E-04
       612     1.13793751355339E-04
       613     1.12835959997171E-04
       614     1.11886236085596E-04
       615     1.10944511573461E-04
       616     1.10010718989230E-04
       617     1.09084791432027E-04
       618     1.08166662566683E-04
       619     1.07256266619055E-04
       620     1.06353538371237E-04
       621     1.05458413156768E-04
       622     1.04570826856026E-04
       623     1.03690715891505E-04
       624     1.02818017223212E-04
       625     1.01952668344220E-04
       626     1.01094607275943E-04
       627     1.00243772563818E-04
       628     9.94001032727562E-05
       629     9.85635389827707E-05
       630     9.77340197846123E-05
       631     9.69114862753351E-05
       632     9.60958795541405E-05
       633     9.52871412180341E-05
       634     9.44852133576072E-05
       635     9.36900385527938E-05
       636     9.29015598688590E-05
       637     9.21197208520688E-05
       638     9.13444655258782E-05
       639     9.05757383865911E-05
       640     8.98134843995786E-05
       641     8.90576489951259E-05
       642     8.83081780646678E-05
       643     8.75650179566851E-05
       644     8.68281154729213E-05
       645     8.60974178645968E-05
       646     8.53728728284503E-05
       647     8.46544285031205E-05
       648     8.39420334652199E-05
       649     8.32356367258158E-05
       650     8.25351877265640E-05
       651     8.18406363361939E-05
       652     8.11519328468307E-05
       653     8.04690279703380E-05
       654     7.97918728349400E-05
       655     7.91204189814740E-05
       656     7.84546183600537E-05
       657     7.77944233265402E-05
       658     7.71397866391056E-05
       659     7.64906614547969E-05
       660     7.58470013262190E-05
       661     7.52087601980738E-05
       662     7.45758924040475E-05
       663     7.39483526632271E-05
       664     7.33260960770731E-05
       665     7.27090781260532E-05
       666     7.20972546664764E-05
       667     7.14905819273115E-05
       668     7.08890165069885E-05
       669     7.02925153703322E-05
       670     6.97010358454028E-05
       671     6.91145356204983E-05
       672     6.85329727409345E-05
       673     6.79563056062707E-05
       674     6.73844929670293E-05
       675     6.68174939219999E-05
       676     6.62552679151019E-05
       677     6.56977747324897E-05
       678     6.51449744997353E-05
       679     6.45968276788792E-05
       680     6.40532950656095E-05
       681     6.35143377864499E-05
       682     6.29799172959149E-05
       683     6.24499953737881E-05
       684     6.19245341223301E-05
       685     6.14034959635712E-05
       686     6.08868436365721E-05
       687     6.03745401948273E-05
       688     5.98665490034825E-05
       689     5.93628337367562E-05
       690     5.88633583753793E-05
       691     5.83680872038951E-05
       692     5.78769848081785E-05
       693     5.73900160728493E-05
       694     5.69071461786987E-05
       695     5.64283406002952E-05
       696     5.59535651033869E-05
       697     5.54827857425550E-05
       698     5.50159688585770E-05
       699     5.45530810762553E-05
       700     5.40940893018833E-05
       701     5.36389607207896E-05
       702     5.31876627951233E-05
       703     5.27401632614261E-05
       704     5.22964301283930E-05
       705     5.18564316744669E-05
       706     5.14201364455956E-05
       707     5.09875132530147E-05
       708     5.05585311709556E-05
       709     5.01331595344731E-05
       710     4.97113679371094E-05
       711     4.92931262289607E-05
       712     4.88784045142134E-05
       713     4.84671731491918E-05
       714     4.80594027401774E-05
       715     4.76550641412943E-05
       716     4.72541284523737E-05
       717     4.68565670169374E-05
       718     4.64623514201384E-05
       719     4.60714534866678E-05
       720     4.56838452787577E-05
       721     4.52994990941845E-05
       722     4.49183874642803E-05
       723     4.45404831519095E-05
       724     4.41657591495916E-05
       725     4.37941886775038E-05
       726     4.34257451815673E-05
       727     4.30604023315561E-05
       728     4.26981340192432E-05
       729     4.23389143563630E-05
       730     4.19827176729826E-05
       731     4.16295185154786E-05
       732     4.12792916448331E-05
       733     4.09320120347010E-05
       734     4.05876548697064E-05
       735     4.02461955436421E-05
       736     3.99076096576928E-05
       737     3.95718730186281E-05
       738     3.92389616372136E-05
       739     3.89088517262784E-05
       740     3.85815196992934E-05
       741     3.82569421683074E-05
       742     3.79350959426271E-05
       743     3.76159580269370E-05
       744     3.72995056197166E-05
       745     3.69857161116029E-05
       746     3.66745670837505E-05
       747     3.63660363062606E-05
       748     3.60601017365050E-05
       749     3.57567415176481E-05
       750     3.54559339770690E-05
       751     3.51576576246743E-05
       752     3.48618911515269E-05
       753     3.45686134281575E-05
       754     3.42778035032688E-05
       755     3.39894406019733E-05
       756     3.37035041244609E-05
       757     3.34199736445182E-05
       758     3.31388289080206E-05
       759     3.28600498314562E-05
       760     3.25836165006012E-05
       761     3.23095091688976E-05
       762     3.20377082562711E-05
       763     3.17681943475367E-05
       764     3.15009481910889E-05
       765     3.12359506975313E-05
       766     3.09731829383079E-05
       767     3.07126261442228E-05
       768     3.04542617043172E-05
       769     3.01980711643543E-05
       770     2.99440362255854E-05
       771     2.96921387433874E-05
       772     2.94423607260057E-05
       773     2.91946843332217E-05
       774     2.89490918751235E-05
       775     2.87055658107953E-05
       776     2.84640887470840E-05
       777     2.82246434373532E-05
       778     2.79872127802312E-05
       779     2.77517798183658E-05
       780     2.75183277373360E-05
       781     2.72868398641886E-05
       782     2.70572996665794E-05
       783     2.68296907512918E-05
       784     2.66039968632144E-05
       785     2.63802018841646E-05
       786     2.61582898317334E-05
       787     2.59382448580418E-05
       788     2.57200512487818E-05
       789     2.55036934219495E-05
       790     2.52891559267338E-05
       791     2.50764234425415E-05
       792     2.48654807777314E-05
       793     2.46563128686681E-05
       794     2.44489047785089E-05
       795     2.42432416962727E-05
       796     2.40393089356390E-05
       797     2.38370919340283E-05
       798     2.36365762514809E-05
       799     2.34377475696479E-05
       800     2.32405916907235E-05
       801     2.30450945364866E-05
       802     2.28512421473019E-05
       803     2.26590206810275E-05
       804     2.24684164121538E-05
       805     2.22794157306439E-05
       806     2.20920051412108E-05
       807     2.19061712620599E-05
       808     2.17219008242396E-05
       809     2.15391806703468E-05
       810     2.13579977539217E-05
       811     2.11783391382964E-05
       812     2.10001919956957E-05
       813     2.08235436064503E-05
       814     2.06483813579271E-05
       815     2.04746927436759E-05
       816     2.03024653626292E-05
       817     2.01316869180369E-05
       818     1.99623452167795E-05
       819     1.97944281683032E-05
       820     1.96279237839475E-05
       821     1.94628201759301E-05
       822     1.92991055565739E-05
       823     1.91367682374448E-05
       824     1.89757966285421E-05
       825     1.88161792374000E-05
       826     1.86579046683532E-05
       827     1.85009616216311E-05
       828     1.83453388926761E-05
       829     1.81910253711651E-05
       830     1.80380100404003E-05
       831     1.78862819763623E-05
       832     1.77358303470079E-05
       833     1.75866444115780E-05
       834     1.74387135195845E-05
       835     1.72920271103414E-05
       836     1.71465747119823E-05
       837     1.70023459408233E-05
       838     1.68593305006066E-05
       839     1.67175181817316E-05
       840     1.65768988605510E-05
       841     1.64374624986701E-05
       842     1.62991991421535E-05
       843     1.61620989209018E-05
       844     1.60261520478692E-05
       845     1.58913488183896E-05
       846     1.57576796095397E-05
       847     1.56251348793611E-05
       848     1.54937051662176E-05
       849     1.53633810881350E-05
       850     1.52341533421107E-05
       851     1.51060127034524E-05
       852     1.49789500251368E-05
       853     1.48529562370491E-05
       854     1.47280223455464E-05
       855     1.46041394325960E-05
       856     1.44812986552706E-05
       857     1.43594912450813E-05
       858     1.42387085073417E-05
       859     1.41189418205088E-05
       860     1.40001826356558E-05
       861     1.38824224758187E-05
       862     1.37656529353596E-05
       863     1.36498656794166E-05
       864     1.35350524432145E-05
       865     1.34212050316150E-05
       866     1.33083153184436E-05
       867     1.31963752459020E-05
       868     1.30853768240236E-05
       869     1.29753121300926E-05
       870     1.28661733080372E-05
       871     1.27579525679766E-05
       872     1.26506421855683E-05
       873     1.25442345014276E-05
       874     1.24387219207313E-05
       875     1.23340969124598E-05
       876     1.22303520091259E-05
       877     1.21274798059451E-05
       878     1.20254729605437E-05
       879     1.19243241922861E-05
       880     1.18240262818741E-05
       881     1.17245720707253E-05
       882     1.16259544605017E-05
       883     1.15281664126252E-05
       884     1.14312009477672E-05
       885     1.13350511452970E-05
       886     1.12397101428173E-05
       887     1.11451711357860E-05
       888     1.10514273767800E-05
       889     1.09584721752591E-05
       890     1.08662988969957E-05
       891     1.07749009635393E-05
       892     1.06842718518302E-05
       893     1.05944050936843E-05
       894     1.05052942753617E-05
       895     1.04169330371265E-05
       896     1.03293150727270E-05
       897     1.02424341290022E-05
       898     1.01562840053766E-05
       899     1.00708585535100E-05
       900     9.98615167674734E-06
       901     9.90215732980638E-06
       902     9.81886951822274E-06
       903     9.73628229796958E-06
       904     9.65438977508056E-06
       905     9.57318610516669E-06
       906     9.49266549300735E-06
       907     9.41282219219973E-06
       908     9.33365050463731E-06
       909     9.25514478018007E-06
       910     9.17729941626198E-06
       911     9.10010885744057E-06
       912     9.02356759499950E-06
       913     8.94767016663095E-06
       914     8.87241115592717E-06
       915     8.79778519211647E-06
       916     8.72378694964252E-06
       917     8.65041114761104E-06
       918     8.57765254974474E-06
       919     8.50550596373635E-06
       920     8.43396624097222E-06
       921     8.36302827620067E-06
       922     8.29268700709107E-06
       923     8.22293741393349E-06
       924     8.15377451920922E-06
       925     8.08519338737797E-06
       926     8.01718912433804E-06
       927     7.94975687719618E-06
       928     7.88289183389921E-06
       929     7.81658922288701E-06
       930     7.75084431277174E-06
       931     7.68565241190274E-06
       932     7.62100886817338E-06
       933     7.55690906863126E-06
       934     7.49334843903217E-06
       935     7.43032244377759E-06
       936     7.36782658530154E-06
       937     7.30585640395568E-06
       938     7.24440747755760E-06
       939     7.18347542118613E-06
       940     7.12305588680072E-06
       941     7.06314456290782E-06
       942     7.00373717436010E-06
       943     6.94482948191616E-06
       944     6.88641728204337E-06
       945     6.82849640653039E-06
       946     6.77106272231003E-06
       947     6.71411213103440E-06
       948     6.65764056881782E-06
       949     6.60164400605939E-06
       950     6.54611844696001E-06
       951     6.49105992941044E-06
       952     6.43646452458229E-06
       953     6.38232833675733E-06
       954     6.32864750295854E-06
       955     6.27541819274596E-06
       956     6.22263660784862E-06
       957     6.17029898199911E-06
       958     6.11840158058605E-06
       959     6.06694070046718E-06
       960     6.01591266961295E-06
       961     5.96531384691090E-06
       962     5.91514062185821E-06
       963     5.86538941435389E-06
       964     5.81605667442673E-06
       965     5.76713888195079E-06
       966     5.71863254635982E-06
       967     5.67053420661005E-06
       968     5.62284043060112E-06
       969     5.57554781523833E-06
       970     5.52865298598711E-06
       971     5.48215259674509E-06
       972     5.43604332950506E-06
       973     5.39032189423202E-06
       974     5.34498502856210E-06
       975     5.30002949754172E-06
       976     5.25545209345816E-06
       977     5.21124963559373E-06
       978     5.16741896998659E-06
       979     5.12395696919553E-06
       980     5.08086053208608E-06
       981     5.03812658365991E-06
       982     4.99575207470679E-06
       983     4.95373398175568E-06
       984     4.91206930674305E-06
       985     4.87075507678185E-06
       986     4.82978834405412E-06
       987     4.78916618551688E-06
       988     4.74888570270116E-06
       989     4.70894402155413E-06
       990     4.66933829220703E-06
       991     4.63006568874718E-06
       992     4.59112340903123E-06
       993     4.55250867449589E-06
       994     4.51421872994918E-06
       995     4.47625084338506E-06
       996     4.43860230577527E-06
       997     4.40127043090937E-06
       998     4.36425255513235E-06
       999     4.32754603719905E-06
      1000     4.29114825811329E-06
      1001     4.25505662093168E-06
      1002     4.21926855049413E-06
      1003     4.18378149334749E-06
      1004     4.14859291748179E-06
      1005     4.11370031226646E-06
      1006     4.07910118808923E-06
      1007     4.04479307636642E-06
      1008     4.01077352923877E-06
      1009     3.97704011942345E-06
      1010     3.94359044008727E-06
      1011     3.91042210468760E-06
      1012     3.87753274668358E-06
      1013     3.84492001942619E-06
      1014     3.81258159608424E-06
      1015     3.78051516940637E-06
      1016     3.74871845147499E-06
      1017     3.71718917360377E-06
      1018     3.68592508634239E-06
      1019     3.65492395897283E-06
      1020     3.62418357970918E-06
      1021     3.59370175524331E-06
      1022     3.56347631079100E-06
      1023     3.53350508986128E-06
      1024     3.50378595407322E-06
      1025     3.47431678300352E-06
      1026     3.44509547418163E-06
      1027     3.41611994270001E-06
      1028     3.38738812128228E-06
      1029     3.35889795998482E-06
      1030     3.33064742610455E-06
      1031     3.30263450406382E-06
      1032     3.27485719526516E-06
      1033     3.24731351788871E-06
      1034     3.22000150677076E-06
      1035     3.19291921328867E-06
      1036     3.16606470525895E-06
      1037     3.13943606669126E-06
      1038     3.11303139774789E-06
      1039     3.08684881454891E-06
      1040     3.06088644906944E-06
      1041     3.03514244903994E-06
      1042     3.00961497769917E-06
      1043     2.98430221379283E-06
      1044     2.95920235133266E-06
      1045     2.93431359960400E-06
      1046     2.90963418286947E-06
      1047     2.88516234039494E-06
      1048     2.86089632623594E-06
      1049     2.83683440909762E-06
      1050     2.81297487230061E-06
      1051     2.78931601359298E-06
      1052     2.76585614500538E-06
      1053     2.74259359284173E-06
      1054     2.71952669739458E-06
      1055     2.69665381298669E-06
      1056     2.67397330774379E-06
      1057     2.65148356358474E-06
      1058     2.62918297593527E-06
      1059     2.60706995379194E-06
      1060     2.58514291952644E-06
      1061     2.56340030878159E-06
      1062     2.54184057030462E-06
      1063     2.52046216595398E-06
      1064     2.49926357053633E-06
      1065     2.47824327161300E-06
      1066     2.45739976955476E-06
      1067     2.43673157729574E-06
      1068     2.41623722026835E-06
      1069     2.39591523636341E-06
      1070     2.37576417572132E-06
      1071     2.35578260066837E-06
      1072     2.33596908568419E-06
      1073     2.31632221718919E-06
      1074     2.29684059351485E-06
      1075     2.27752282479423E-06
      1076     2.25836753281137E-06
      1077     2.23937335097190E-06
      1078     2.22053892417158E-06
      1079     2.20186290870275E-06
      1080     2.18334397216400E-06
      1081     2.16498079340219E-06
      1082     2.14677206225960E-06
      1083     2.12871647972316E-06
      1084     2.11081275767116E-06
      1085     2.09305961875333E-06
      1086     2.07545579644922E-06
      1087     2.05800003487721E-06
      1088     2.04069108866371E-06
      1089     2.02352772293643E-06
      1090     2.00650871325844E-06
      1091     1.98963284545159E-06
      1092     1.97289891551486E-06
      1093     1.95630572963629E-06
      1094     1.93985210403538E-06
      1095     1.92353686487944E-06
      1096     1.90735884816407E-06
      1097     1.89131689975966E-06
      1098     1.87540987519737E-06
      1099     1.85963663960510E-06
      1100     1.84399606772802E-06
      1101     1.82848704375265E-06
      1102     1.81310846119261E-06
      1103     1.79785922294916E-06
      1104     1.78273824109485E-06
      1105     1.76774443688426E-06
      1106     1.75287674067262E-06
      1107     1.73813409173230E-06
      1108     1.72351543828841E-06
      1109     1.70901973747241E-06
      1110     1.69464595510833E-06
      1111     1.68039306578055E-06
      1112     1.66626005265313E-06
      1113     1.65224590746232E-06
      1114     1.63834963041593E-06
      1115     1.62457023017180E-06
      1116     1.61090672365601E-06
      1117     1.59735813610722E-06
      1118     1.58392350098699E-06
      1119     1.57060185981436E-06
      1120     1.55739226225187E-06
      1121     1.54429376586463E-06
      1122     1.53130543626867E-06
      1123     1.51842634680483E-06
      1124     1.50565557871963E-06
      1125     1.49299222089992E-06
      1126     1.48043536994936E-06
      1127     1.46798413005379E-06
      1128     1.45563761292832E-06
      1129     1.44339493779459E-06
      1130     1.43125523123825E-06
      1131     1.41921762718069E-06
      1132     1.40728126690859E-06
      1133     1.39544529884103E-06
      1134     1.38370887861645E-06
      1135     1.37207116894505E-06
      1136     1.36053133960158E-06
      1137     1.34908856731407E-06
      1138     1.33774203578469E-06
      1139     1.32649093553816E-06
      1140     1.31533446391252E-06
      1141     1.30427182501898E-06
      1142     1.29330222962710E-06
      1143     1.28242489518116E-06
      1144     1.27163904571787E-06
      1145     1.26094391172269E-06
      1146     1.25033873028592E-06
      1147     1.23982274476267E-06
      1148     1.22939520498993E-06
      1149     1.21905536703503E-06
      1150     1.20880249330915E-06
      1151     1.19863585232149E-06
      1152     1.18855471882770E-06
      1153     1.17855837361663E-06
      1154     1.16864610357882E-06
      1155     1.15881720158545E-06
      1156     1.14907096640651E-06
      1157     1.13940670277777E-06
      1158     1.12982372128447E-06
      1159     1.12032133823024E-06
      1160     1.11089887576323E-06
      1161     1.10155566165560E-06
      1162     1.09229102943270E-06
      1163     1.08310431807495E-06
      1164     1.07399487229368E-06
      1165     1.06496204218460E-06
      1166     1.05600518337008E-06
      1167     1.04712365685413E-06
      1168     1.03831682905411E-06
      1169     1.02958407172579E-06
      1170     1.02092476182920E-06
      1171     1.01233828166965E-06
      1172     1.00382401866226E-06
      1173     9.95381365419454E-07
      1174     9.87009719662015E-07
      1175     9.78708484169660E-07
      1176     9.70477066727821E-07
      1177     9.62314880113552E-07
      1178     9.54221342050912E-07
      1179     9.46195875161698E-07
      1180     9.38237906943320E-07
      1181     9.30346869659913E-07
      1182     9.22522200366123E-07
      1183     9.14763340897646E-07
      1184     9.07069737707050E-07
      1185     8.99440841980530E-07
      1186     8.91876109469465E-07
      1187     8.84375000512970E-07
      1188     8.76936979974674E-07
      1189     8.69561517286640E-07
      1190     8.62248086266235E-07
      1191     8.54996165191562E-07
      1192     8.47805236706980E-07
      1193     8.40674787847704E-07
      1194     8.33604309921219E-07
      1195     8.26593298535298E-07
      1196     8.19641253565073E-07
      1197     8.12747679023163E-07
      1198     8.05912083174131E-07
      1199     7.99133978344511E-07
      1200     7.92412881012959E-07
      1201     7.85748311701521E-07
      1202     7.79139794986559E-07
      1203     7.72586859429779E-07
      1204     7.66089037542220E-07
      1205     7.59645865780088E-07
      1206     7.53256884540730E-07
      1207     7.46921637983297E-07
      1208     7.40639674220781E-07
      1209     7.34410545079800E-07
      1210     7.28233806182086E-07
      1211     7.22109016936673E-07
      1212     7.16035740384837E-07
      1213     7.10013543259962E-07
      1214     7.04041995951279E-07
      1215     6.98120672490158E-07
      1216     6.92249150454509E-07
      1217     6.86427010957199E-07
      1218     6.80653838679825E-07
      1219     6.74929221818518E-07
      1220     6.69252751926101E-07
      1221     6.63624024076124E-07
      1222     6.58042636730028E-07
      1223     6.52508191743614E-07
      1224     6.47020294279026E-07
      1225     6.41578552864892E-07
      1226     6.36182579300888E-07
      1227     6.30831988612676E-07
      1228     6.25526399128257E-07
      1229     6.20265432385656E-07
      1230     6.15048713068440E-07
      1231     6.09875868995073E-07
      1232     6.04746531174312E-07
      1233     5.99660333694885E-07
      1234     5.94616913692144E-07
      1235     5.89615911437577E-07
      1236     5.84656970120794E-07
      1237     5.79739736022160E-07
      1238     5.74863858338199E-07
      1239     5.70028989231334E-07
      1240     5.65234783817023E-07
      1241     5.60480900055871E-07
      1242     5.55766998871672E-07
      1243     5.51092743926909E-07
      1244     5.46457801814610E-07
      1245     5.41861841888741E-07
      1246     5.37304536268341E-07
      1247     5.32785559854274E-07
      1248     5.28304590288296E-07
      1249     5.23861307919004E-07
      1250     5.19455395711953E-07
      1251     5.15086539443799E-07
      1252     5.10754427412759E-07
      1253     5.06458750565095E-07
      1254     5.02199202504716E-07
      1255     4.97975479325508E-07
      1256     4.93787279738400E-07
      1257     4.89634304987099E-07
      1258     4.85516258783504E-07
      1259     4.81432847358003E-07
      1260     4.77383779412730E-07
      1261     4.73368766116332E-07
      1262     4.69387521078408E-07
      1263     4.65439760208588E-07
      1264     4.61525201955329E-07
      1265     4.57643567026736E-07
      1266     4.53794578533904E-07
      1267     4.49977961908713E-07
      1268     4.46193444883397E-07
      1269     4.42440757483026E-07
      1270     4.38719631976699E-07
      1271     4.35029802970467E-07
      1272     4.31371007174807E-07
      1273     4.27742983639011E-07
      1274     4.24145473533511E-07
      1275     4.20578220177449E-07
      1276     4.17040969166782E-07
      1277     4.13533468138344E-07
      1278     4.10055466879489E-07
      1279     4.06606717247080E-07
      1280     4.03186973278317E-07
      1281     3.99795990983004E-07
      1282     3.96433528467945E-07
      1283     3.93099345857879E-07
      1284     3.89793205303747E-07
      1285     3.86514870985632E-07
      1286     3.83264109002710E-07
      1287     3.80040687470936E-07
      1288     3.76844376448079E-07
      1289     3.73674947925272E-07
      1290     3.70532175781845E-07
      1291     3.67415835849437E-07
      1292     3.64325705808449E-07
      1293     3.61261565211339E-07
      1294     3.58223195494707E-07
      1295     3.55210379877684E-07
      1296     3.52222903474056E-07
      1297     3.49260553153189E-07
      1298     3.46323117573250E-07
      1299     3.43410387230043E-07
      1300     3.40522154282519E-07
      1301     3.37658212749944E-07
      1302     3.34818358292122E-07
      1303     3.32002388349671E-07
      1304     3.29210102024490E-07
      1305     3.26441300120566E-07
      1306     3.23695785157483E-07
      1307     3.20973361221517E-07
      1308     3.18273834167245E-07
      1309     3.15597011357149E-07
      1310     3.12942701912146E-07
      1311     3.10310716416306E-07
      1312     3.07700867126222E-07
      1313     3.05112967878132E-07
      1314     3.02546834110135E-07
      1315     3.00002282672521E-07
      1316     2.97479132095649E-07
      1317     2.94977202364931E-07
      1318     2.92496315048005E-07
      1319     2.90036293104888E-07
      1320     2.87596961080622E-07
      1321     2.85178144993067E-07
      1322     2.82779672250220E-07
      1323     2.80401371762899E-07
      1324     2.78043073875358E-07
      1325     2.75704610335858E-07
      1326     2.73385814349849E-07
      1327     2.71086520522287E-07
      1328     2.68806564810481E-07
      1329     2.66545784530193E-07
      1330     2.64304018486944E-07
      1331     2.62081106688773E-07
      1332     2.59876890603086E-07
      1333     2.57691212979033E-07
      1334     2.55523917923099E-07
      1335     2.53374850778292E-07
      1336     2.51243858277960E-07
      1337     2.49130788383941E-07
      1338     2.47035490357822E-07
      1339     2.44957814759699E-07
      1340     2.42897613344265E-07
      1341     2.40854739156376E-07
      1342     2.38829046476639E-07
      1343     2.36820390775112E-07
      1344     2.34828628777407E-07
      1345     2.32853618401200E-07
      1346     2.30895218772204E-07
      1347     2.28953290131095E-07
      1348     2.27027694028415E-07
      1349     2.25118293026297E-07
      1350     2.23224950953454E-07
      1351     2.21347532740104E-07
      1352     2.19485904447689E-07
      1353     2.17639933313486E-07
      1354     2.15809487613367E-07
      1355     2.13994436782165E-07
      1356     2.12194651336169E-07
      1357     2.10410002895263E-07
      1358     2.08640364139657E-07
      1359     2.06885608850002E-07
      1360     2.05145611847116E-07
      1361     2.03420248988709E-07
      1362     2.01709397187527E-07
      1363     2.00012934428155E-07
      1364     1.98330739693532E-07
      1365     1.96662692944982E-07
      1366     1.95008675213985E-07
      1367     1.93368568510853E-07
      1368     1.91742255842964E-07
      1369     1.90129621183385E-07
      1370     1.88530549503710E-07
      1371     1.86944926718352E-07
      1372     1.85372639727584E-07
      1373     1.83813576362920E-07
      1374     1.82267625440204E-07
      1375     1.80734676622228E-07
      1376     1.79214620578925E-07
      1377     1.77707348896953E-07
      1378     1.76212754054664E-07
      1379     1.74730729396078E-07
      1380     1.73261169209590E-07
      1381     1.71803968676223E-07
      1382     1.70359023860426E-07
      1383     1.68926231659691E-07
      1384     1.67505489880023E-07
      1385     1.66096697149765E-07
      1386     1.64699752996958E-07
      1387     1.63314557764114E-07
      1388     1.61941012634687E-07
      1389     1.60579019613550E-07
      1390     1.59228481548690E-07
      1391     1.57889302120861E-07
      1392     1.56561385776718E-07
      1393     1.55244637794274E-07
      1394     1.53938964227617E-07
      1395     1.52644271961090E-07
      1396     1.51360468631639E-07
      1397     1.50087462650629E-07
      1398     1.48825163194048E-07
      1399     1.47573480215015E-07
      1400     1.46332324465473E-07
      1401     1.45101607365791E-07
      1402     1.43881241159741E-07
      1403     1.42671138727665E-07
      1404     1.41471213809387E-07
      1405     1.40281380782704E-07
      1406     1.39101554761477E-07
      1407     1.37931651598228E-07
      1408     1.36771587840336E-07
      1409     1.35621280693619E-07
      1410     1.34480648169049E-07
      1411     1.33349608857848E-07
      1412     1.32228082069473E-07
      1413     1.31115987812665E-07
      1414     1.30013246744640E-07
      1415     1.28919780204197E-07
      1416     1.27835510219593E-07
      1417     1.26760359366380E-07
      1418     1.25694251050968E-07
      1419     1.24637109151143E-07
      1420     1.23588858262552E-07
      1421     1.22549423641660E-07
      1422     1.21518731101039E-07
      1423     1.20496707139271E-07
      1424     1.19483278844356E-07
      1425     1.18478373903312E-07
      1426     1.17481920663154E-07
      1427     1.16493848023406E-07
      1428     1.15514085498897E-07
      1429     1.14542563190988E-07
      1430     1.13579211843294E-07
      1431     1.12623962649454E-07
      1432     1.11676747556272E-07
      1433     1.10737498929172E-07
      1434     1.09806149795199E-07
      1435     1.08882633710472E-07
      1436     1.07966884777835E-07
      1437     1.07058837694920E-07
      1438     1.06158427691004E-07
      1439     1.05265590520352E-07
      1440     1.04380262500098E-07
      1441     1.03502380465887E-07
      1442     1.02631881799252E-07
      1443     1.01768704387627E-07
      1444     1.00912786672523E-07
      1445     1.00064067608912E-07
      1446     9.92224866351572E-08
      1447     9.83879837059682E-08
      1448     9.75604993089763E-08
      1449     9.67399744037616E-08
      1450     9.59263505030652E-08
      1451     9.51195694873696E-08
      1452     9.43195738713737E-08
      1453     9.35263065449428E-08
      1454     9.27397109447804E-08
      1455     9.19597309368595E-08
      1456     9.11863109272030E-08
      1457     9.04193956954829E-08
      1458     8.96589305307247E-08
      1459     8.89048612239659E-08
      1460     8.81571339514277E-08
      1461     8.74156953980397E-08
      1462     8.66804926427635E-08
      1463     8.59514732748968E-08
      1464     8.52285852630214E-08
      1465     8.45117770605176E-08
      1466     8.38009975040448E-08
      1467     8.30961959157301E-08
      1468     8.23973220073960E-08
      1469     8.17043259425374E-08
      1470     8.10171582486712E-08
      1471     8.03357699382173E-08
      1472     7.96601123893552E-08
      1473     7.89901374253087E-08
      1474     7.83257972170388E-08
      1475     7.76670444118476E-08
      1476     7.70138319838069E-08
      1477     7.63661133496560E-08
      1478     7.57238423114747E-08
      1479     7.50869730496399E-08
      1480     7.44554601196154E-08
      1481     7.38292584892683E-08
      1482     7.32083234905251E-08
      1483     7.25926108069926E-08
      1484     7.19820765205051E-08
      1485     7.13766770876274E-08
      1486     7.07763693324036E-08
      1487     7.01811104290831E-08
      1488     6.95908578947722E-08
      1489     6.90055696386186E-08
      1490     6.84252039024797E-08
      1491     6.78497192797523E-08
      1492     6.72790747555137E-08
      1493     6.67132295736336E-08
      1494     6.61521433685699E-08
      1495     6.55957761758423E-08
      1496     6.50440882313313E-08
      1497     6.44970402568461E-08
      1498     6.39545931599480E-08
      1499     6.34167082829345E-08
      1500     6.28833472464881E-08
      1501     6.23544719838015E-08
      1502     6.18300448241589E-08
      1503     6.13100282867110E-08
      1504     6.07943853117928E-08
      1505     6.02830791284964E-08
      1506     5.97760732325010E-08
      1507     5.92733314844625E-08
      1508     5.87748179859725E-08
      1509     5.82804972222639E-08
      1510     5.77903338864193E-08
      1511     5.73042930358225E-08
      1512     5.68223399898775E-08
      1513     5.63444403920815E-08
      1514     5.58705601104642E-08
      1515     5.54006653837365E-08
      1516     5.49347226500135E-08
      1517     5.44726986942442E-08
      1518     5.40145605687463E-08
      1519     5.35602755581166E-08
      1520     5.31098112973731E-08
      1521     5.26631356088596E-08
      1522     5.22202166857851E-08
      1523     5.17810228464223E-08
      1524     5.13455228528459E-08
      1525     5.09136855701194E-08
      1526     5.04854802560019E-08
      1527     5.00608763199200E-08
      1528     4.96398434651949E-08
      1529     4.92223516744352E-08
      1530     4.88083711884422E-08
      1531     4.83978724197944E-08
      1532     4.79908261366577E-08
      1533     4.75872032892933E-08
      1534     4.71869750763723E-08
      1535     4.67901129421465E-08
      1536     4.63965886041560E-08
      1537     4.60063739583945E-08
      1538     4.56194411815125E-08
      1539     4.52357626652237E-08
      1540     4.48553110579585E-08
      1541     4.44780592151839E-08
      1542     4.41039802010395E-08
      1543     4.37330473580107E-08
      1544     4.33652342197132E-08
      1545     4.30005145516347E-08
      1546     4.26388623097375E-08
      1547     4.22802517261242E-08
      1548     4.19246572221140E-08
      1549     4.15720534042119E-08
      1550     4.12224151157705E-08
      1551     4.08757174486008E-08
      1552     4.05319356595587E-08
      1553     4.01910452005315E-08
      1554     3.98530217957557E-08
      1555     3.95178413164230E-08
      1556     3.91854798013151E-08
      1557     3.88559136248922E-08
      1558     3.85291192176692E-08
      1559     3.82050733029350E-08
      1560     3.78837527398459E-08
      1561     3.75651346253602E-08
      1562     3.72491962213034E-08
      1563     3.69359149897317E-08
      1564     3.66252685829867E-08
      1565     3.63172348480583E-08
      1566     3.60117918015155E-08
      1567     3.57089176661402E-08
      1568     3.54085908185237E-08
      1569     3.51107898594781E-08
      1570     3.48154935179441E-08
      1571     3.45226807371225E-08
      1572     3.42323306393334E-08
      1573     3.39444225271300E-08
      1574     3.36589358334036E-08
      1575     3.33758501865773E-08
      1576     3.30951454313614E-08
      1577     3.28168015079763E-08
      1578     3.25407985570179E-08
      1579     3.22671169340758E-08
      1580     3.19957370650617E-08
      1581     3.17266396345252E-08
      1582     3.14598054267977E-08
      1583     3.11952153850674E-08
      1584     3.09328506674074E-08
      1585     3.06726925407203E-08
      1586     3.04147224729882E-08
      1587     3.01589220179708E-08
      1588     2.99052729648472E-08
      1589     2.96537572152648E-08
      1590     2.94043567881106E-08
      1591     2.91570539422994E-08
      1592     2.89118310239145E-08
      1593     2.86686705116872E-08
      1594     2.84275551213759E-08
      1595     2.81884675529619E-08
      1596     2.79513908553572E-08
      1597     2.77163080516592E-08
      1598     2.74832024203246E-08
      1599     2.72520572712599E-08
      1600     2.70228561590590E-08
      1601     2.67955827135153E-08
      1602     2.65702207578890E-08
      1603     2.63467541767998E-08
      1604     2.61251670431176E-08
      1605     2.59054435542311E-08
      1606     2.56875680248506E-08
      1607     2.54715249323317E-08
      1608     2.52572988501823E-08
      1609     2.50448744750707E-08
      1610     2.48342366884221E-08
      1611     2.46253704767405E-08
      1612     2.44182608884840E-08
      1613     2.42128931937038E-08
      1614     2.40092527267167E-08
      1615     2.38073249526062E-08
      1616     2.36070954719979E-08
      1617     2.34085500309214E-08
      1618     2.32116744179418E-08
      1619     2.30164546039703E-08
      1620     2.28228766772537E-08
      1621     2.26309268307666E-08
      1622     2.24405913571695E-08
      1623     2.22518566708594E-08
      1624     2.20647093405131E-08
      1625     2.18791359911725E-08
      1626     2.16951233919489E-08
      1627     2.15126584208845E-08
      1628     2.13317280485370E-08
      1629     2.11523193608970E-08
      1630     2.09744195975272E-08
      1631     2.07980160359797E-08
      1632     2.06230961129667E-08
      1633     2.04496473349165E-08
      1634     2.02776573234521E-08
      1635     2.01071138189423E-08
      1636     1.99380046722551E-08
      1637     1.97703177901649E-08
      1638     1.96040412221560E-08
      1639     1.94391631252939E-08
      1640     1.92756717112576E-08
      1641     1.91135553189018E-08
      1642     1.89528024091792E-08
      1643     1.87934014967913E-08
      1644     1.86353412156196E-08
      1645     1.84786102578668E-08
      1646     1.83231975098556E-08
      1647     1.81690918222696E-08
      1648     1.80162822360207E-08
      1649     1.78647578362013E-08
      1650     1.77145078380139E-08
      1651     1.75655214873012E-08
      1652     1.74177881850698E-08
      1653     1.72712973721409E-08
      1654     1.71260386182930E-08
      1655     1.69820015459079E-08
      1656     1.68391758655057E-08
      1657     1.66975514231560E-08
      1658     1.65571181209555E-08
      1659     1.64178658941908E-08
      1660     1.62797848511283E-08
      1661     1.61428651146845E-08
      1662     1.60070969492266E-08
      1663     1.58724706336336E-08
      1664     1.57389765808955E-08
      1665     1.56066052866663E-08
      1666     1.54753472791091E-08
      1667     1.53451931980054E-08
      1668     1.52161337827752E-08
      1669     1.50881598073817E-08
      1670     1.49612621230174E-08
      1671     1.48354317240949E-08
      1672     1.47106596087219E-08
      1673     1.45869368778704E-08
      1674     1.44642547001437E-08
      1675     1.43426043451151E-08
      1676     1.42219771053460E-08
      1677     1.41023643843218E-08
      1678     1.39837576650710E-08
      1679     1.38661484978521E-08
      1680     1.37495284507768E-08
      1681     1.36338892241170E-08
      1682     1.35192225776288E-08
      1683     1.34055203143228E-08
      1684     1.32927743412747E-08
      1685     1.31809766104854E-08
      1686     1.30701191583474E-08
      1687     1.29601940469891E-08
      1688     1.28511934449982E-08
      1689     1.27431095996200E-08
      1690     1.26359347902433E-08
      1691     1.25296613378413E-08
      1692     1.24242817057186E-08
      1693     1.23197883596770E-08
      1694     1.22161738576970E-08
      1695     1.21134307638364E-08
      1696     1.20115518131859E-08
      1697     1.19105297072774E-08
      1698     1.18103572136886E-08
      1699     1.17110272300295E-08
      1700     1.16125326588813E-08
      1701     1.15148664374758E-08
      1702     1.14180216593112E-08
      1703     1.13219913872010E-08
      1704     1.12267687661559E-08
      1705     1.11323469891614E-08
      1706     1.10387193502696E-08
      1707     1.09458791533100E-08
      1708     1.08538197843398E-08
      1709     1.07625346933521E-08
      1710     1.06720173176235E-08
      1711     1.05822612323706E-08
      1712     1.04932600381359E-08
      1713     1.04050074023180E-08
      1714     1.03174969829923E-08
      1715     1.02307225640364E-08
      1716     1.01446779586851E-08
      1717     1.00593570186268E-08
      1718     9.97475368532572E-09
Sum of norm =     2.36676457998554E-01
