Z [mm], Temperature [K]
0.00000000000000E+00, 3.00000000000000E+02
5.00000000000000E-06, 3.00000000000000E+02
4.50000000000000E-05, 3.00000000000000E+02
5.00000000000000E-05, 3.00000000000000E+02
5.50000000000000E-05, 3.00000000000000E+02
9.50000000000000E-05, 3.00000000000000E+02
1.00000000000000E-04, 3.00000000000000E+02
1.05000000000000E-04, 3.00000000000000E+02
1.90000000000000E-04, 3.00000000000000E+02
1.95000000000000E-04, 3.00000000000000E+02
2.00000000000000E-04, 3.00000000000000E+02
2.05000000000000E-04, 3.00000000000000E+02
2.45000000000000E-04, 3.00000000000000E+02
2.50000000000000E-04, 3.00000000000000E+02
2.55000000000000E-04, 3.00000000000000E+02
3.40000000000000E-04, 3.00000000000000E+02
3.45000000000000E-04, 3.00000000000000E+02
3.50000000000000E-04, 3.00000000000000E+02
3.55000000000000E-04, 3.00000000000000E+02
3.95000000000000E-04, 3.00000000000000E+02
4.00000000000000E-04, 3.00000000000000E+02
4.05000000000000E-04, 3.00000000000000E+02
4.90000000000000E-04, 3.00000000000000E+02
4.95000000000000E-04, 3.00000000000000E+02
5.00000000000000E-04, 3.00000000000000E+02
5.05000000000000E-04, 3.00000000000000E+02
5.45000000000000E-04, 3.00000000000000E+02
5.50000000000000E-04, 3.00000000000000E+02
5.55000000000000E-04, 3.00000000000000E+02
5.95000000000000E-04, 3.00000000000000E+02
6.00000000000000E-04, 3.00000000000000E+02
