25
1 0.0000000000000000e+00
2 2.0000135033642608e-02
3 4.1576334119087954e-02
4 6.4816250881726378e-02
5 8.9805846984024579e-02
6 1.1662800171554318e-01
7 1.4536093431924041e-01
8 1.7607644580225479e-01
9 2.0883799574338674e-01
10 2.4369863991088625e-01
11 2.8069886611247175e-01
12 3.1986437820054781e-01
13 3.6120389092869609e-01
14 4.0470701056776781e-01
15 4.5034228681464422e-01
16 4.9805552939335535e-01
17 5.4776848662727740e-01
18 5.9937798198401981e-01
19 6.5275559720145759e-01
20 7.0774797650402654e-01
21 7.6417780554541104e-01
22 8.2184549164067067e-01
23 8.8053153984802746e-01
24 9.3999958446567511e-01
25 1.0000000000000000e+00
