         1     1.88461188811665E-01
         2     8.91336326309282E-02
         3     5.44256266547902E-02
         4     3.69705866843021E-02
         5     2.66676087947834E-02
         6     1.99460212293769E-02
         7     1.54088922741432E-02
         8     1.25740116227444E-02
         9     1.08905267866686E-02
        10     9.79521823305951E-03
        11     8.66526403952498E-03
        12     7.35078779807726E-03
        13     1.75433232107374E-04
        14     3.48925950755728E-07
        15     1.36327986734175E-08
        16     5.28055550962967E-10
Sum of norm =     4.20450931027439E+00
