         1     1.00000000000000E+00
         2     5.84718613499588E-01
         3     3.88054292976812E-01
         4     2.85230077082500E-01
         5     2.25430032855398E-01
         6     1.87151193876131E-01
         7     1.60683284941039E-01
         8     1.41268698659103E-01
         9     1.26375131188102E-01
        10     1.14550069483695E-01
        11     1.04905474749705E-01
        12     9.68687411606815E-02
        13     9.00539788022953E-02
        14     8.41913801388444E-02
        15     7.90863803205699E-02
        16     7.45949509975232E-02
        17     7.06080575078918E-02
        18     6.70415430309057E-02
        19     6.38293470188107E-02
        20     6.09188393968061E-02
        21     5.82675361508696E-02
        22     5.58407399262648E-02
        23     5.36098141630892E-02
        24     5.15508999961549E-02
        25     4.96439482743664E-02
        26     4.78719795733560E-02
        27     4.62205116461107E-02
        28     4.46771115228945E-02
        29     4.32310415655626E-02
        30     4.18729771491042E-02
        31     4.05947795215626E-02
        32     3.93893115808775E-02
        33     3.82502873294873E-02
        34     3.71721479752471E-02
        35     3.61499592783199E-02
        36     3.51793259613031E-02
        37     3.42563199177029E-02
        38     3.33774196517905E-02
        39     3.25394589180665E-02
        40     3.17395829418360E-02
        41     3.09752109239235E-02
        42     3.02440037840837E-02
        43     2.95438362957267E-02
        44     2.88727729212642E-02
        45     2.82290467820756E-02
        46     2.76110412967285E-02
        47     2.70172741011239E-02
        48     2.64463829288526E-02
        49     2.58971131823886E-02
        50     2.53683069684387E-02
        51     2.48588934056848E-02
        52     2.43678800418974E-02
        53     2.38943452411647E-02
        54     2.34374314217439E-02
        55     2.29963390415250E-02
        56     2.25703212419871E-02
        57     2.21586790732202E-02
        58     2.17607572325101E-02
        59     2.13759402574818E-02
        60     2.10036491220328E-02
        61     2.06433381895595E-02
        62     2.02944924833736E-02
        63     1.99566252389173E-02
        64     1.96292757064554E-02
        65     1.93120071765290E-02
        66     1.90044052035735E-02
        67     1.87060760058797E-02
        68     1.84166450225158E-02
        69     1.81357556099688E-02
        70     1.78630678631957E-02
        71     1.75982575474461E-02
        72     1.73410151287375E-02
        73     1.70910448921988E-02
        74     1.68480641386868E-02
        75     1.66118024511476E-02
        76     1.63820010231405E-02
        77     1.61584120427808E-02
        78     1.59407981261215E-02
        79     1.57289317946586E-02
        80     1.55225949922441E-02
        81     1.53215786372320E-02
        82     1.51256822061508E-02
        83     1.49347133456280E-02
        84     1.47484875096629E-02
        85     1.45668276196890E-02
        86     1.43895637451580E-02
        87     1.42165328026475E-02
        88     1.40475782717306E-02
        89     1.38825499260506E-02
        90     1.37213035782326E-02
        91     1.35637008374249E-02
        92     1.34096088784070E-02
        93     1.32589002213288E-02
        94     1.31114525212580E-02
        95     1.29671483668066E-02
        96     1.28258750871996E-02
        97     1.26875245672179E-02
        98     1.25519930695166E-02
        99     1.24191810638787E-02
       100     1.22889930630057E-02
       101     1.21613374645014E-02
       102     1.20361263987340E-02
       103     1.19132755822952E-02
       104     1.17927041768059E-02
       105     1.16743346528410E-02
       106     1.15580926587628E-02
       107     1.14439068942755E-02
       108     1.13317089885246E-02
       109     1.12214333825800E-02
       110     1.11130172161518E-02
       111     1.10064002183962E-02
       112     1.09015246026799E-02
       113     1.07983349651750E-02
       114     1.06967781871649E-02
       115     1.05968033409456E-02
       116     1.04983615992099E-02
       117     1.04014061478104E-02
       118     1.03058921017938E-02
       119     1.02117764246095E-02
       120     1.01190178503901E-02
       121     1.00275768092145E-02
       122     9.93741535525088E-03
       123     9.84849709769903E-03
       124     9.76078713443432E-03
       125     9.67425198826942E-03
       126     9.58885954574943E-03
       127     9.50457899839286E-03
       128     9.42138078630037E-03
       129     9.33923654404919E-03
       130     9.25811904879444E-03
       131     9.17800217050209E-03
       132     9.09886082423678E-03
       133     9.02067092443374E-03
       134     8.94340934108038E-03
       135     8.86705385774070E-03
       136     8.79158313135308E-03
       137     8.71697665373548E-03
       138     8.64321471473436E-03
       139     8.57027836695472E-03
       140     8.49814939200914E-03
       141     8.42681026822932E-03
       142     8.35624413978038E-03
       143     8.28643478712393E-03
       144     8.21736659877637E-03
       145     8.14902454430886E-03
       146     8.08139414854006E-03
       147     8.01446146687261E-03
       148     7.94821306172562E-03
       149     7.88263598001881E-03
       150     7.81771773166360E-03
       151     7.75344626901929E-03
       152     7.68980996727377E-03
       153     7.62679760570848E-03
       154     7.56439834981104E-03
       155     7.50260173419868E-03
       156     7.44139764631695E-03
       157     7.38077631088046E-03
       158     7.32072827502394E-03
       159     7.26124439413032E-03
       160     7.20231581830978E-03
       161     7.14393397949585E-03
       162     7.08609057913647E-03
       163     7.02877757644983E-03
       164     6.97198717722113E-03
       165     6.91571182311547E-03
       166     6.85994418148473E-03
       167     6.80467713564441E-03
       168     6.74990377560040E-03
       169     6.69561738920499E-03
       170     6.64181145372229E-03
       171     6.58847962778390E-03
       172     6.53561574371857E-03
       173     6.48321380023652E-03
       174     6.43126795545364E-03
       175     6.37977252023998E-03
       176     6.32872195187518E-03
       177     6.27811084800062E-03
       178     6.22793394085056E-03
       179     6.17818609175159E-03
       180     6.12886228587754E-03
       181     6.07995762724704E-03
       182     6.03146733395407E-03
       183     5.98338673361807E-03
       184     5.93571125904644E-03
       185     5.88843644409617E-03
       186     5.84155791972842E-03
       187     5.79507141024412E-03
       188     5.74897272969429E-03
       189     5.70325777845559E-03
       190     5.65792253996347E-03
       191     5.61296307759585E-03
       192     5.56837553169996E-03
       193     5.52415611675578E-03
       194     5.48030111866901E-03
       195     5.43680689218810E-03
       196     5.39366985843940E-03
       197     5.35088650257448E-03
       198     5.30845337152422E-03
       199     5.26636707185519E-03
       200     5.22462426772326E-03
       201     5.18322167891879E-03
       202     5.14215607900119E-03
       203     5.10142429351626E-03
       204     5.06102319829431E-03
       205     5.02094971782329E-03
       206     4.98120082369588E-03
       207     4.94177353312414E-03
       208     4.90266490752100E-03
       209     4.86387205114387E-03
       210     4.82539210979796E-03
       211     4.78722226959631E-03
       212     4.74935975577445E-03
       213     4.71180183155598E-03
       214     4.67454579706755E-03
       215     4.63758898830042E-03
       216     4.60092877611718E-03
       217     4.56456256529990E-03
       218     4.52848779363957E-03
       219     4.49270193106346E-03
       220     4.45720247879973E-03
       221     4.42198696857648E-03
       222     4.38705296185433E-03
       223     4.35239804909079E-03
       224     4.31801984903450E-03
       225     4.28391600804898E-03
       226     4.25008419946287E-03
       227     4.21652212294717E-03
       228     4.18322750391719E-03
       229     4.15019809295765E-03
       230     4.11743166527137E-03
       231     4.08492602014895E-03
       232     4.05267898045897E-03
       233     4.02068839215829E-03
       234     3.98895212382063E-03
       235     3.95746806618288E-03
       236     3.92623413170910E-03
       237     3.89524825416978E-03
       238     3.86450838823748E-03
       239     3.83401250909643E-03
       240     3.80375861206676E-03
       241     3.77374471224189E-03
       242     3.74396884413877E-03
       243     3.71442906136051E-03
       244     3.68512343627030E-03
       245     3.65605005967684E-03
       246     3.62720704053010E-03
       247     3.59859250562763E-03
       248     3.57020459932997E-03
       249     3.54204148328590E-03
       250     3.51410133616615E-03
       251     3.48638235340561E-03
       252     3.45888274695375E-03
       253     3.43160074503266E-03
       254     3.40453459190238E-03
       255     3.37768254763351E-03
       256     3.35104288788607E-03
       257     3.32461390369551E-03
       258     3.29839390126430E-03
       259     3.27238120175944E-03
       260     3.24657414111604E-03
       261     3.22097106984583E-03
       262     3.19557035285121E-03
       263     3.17037036924389E-03
       264     3.14536951216849E-03
       265     3.12056618863059E-03
       266     3.09595881932942E-03
       267     3.07154583849406E-03
       268     3.04732569372431E-03
       269     3.02329684583518E-03
       270     2.99945776870475E-03
       271     2.97580694912602E-03
       272     2.95234288666184E-03
       273     2.92906409350314E-03
       274     2.90596909433058E-03
       275     2.88305642617857E-03
       276     2.86032463830292E-03
       277     2.83777229205059E-03
       278     2.81539796073266E-03
       279     2.79320022949945E-03
       280     2.77117769521826E-03
       281     2.74932896635367E-03
       282     2.72765266284977E-03
       283     2.70614741601496E-03
       284     2.68481186840846E-03
       285     2.66364467372936E-03
       286     2.64264449670714E-03
       287     2.62181001299459E-03
       288     2.60113990906218E-03
       289     2.58063288209440E-03
       290     2.56028763988768E-03
       291     2.54010290075026E-03
       292     2.52007739340330E-03
       293     2.50020985688368E-03
       294     2.48049904044857E-03
       295     2.46094370348090E-03
       296     2.44154261539684E-03
       297     2.42229455555416E-03
       298     2.40319831316219E-03
       299     2.38425268719300E-03
       300     2.36545648629380E-03
       301     2.34680852870051E-03
       302     2.32830764215270E-03
       303     2.30995266380938E-03
       304     2.29174244016603E-03
       305     2.27367582697296E-03
       306     2.25575168915409E-03
       307     2.23796890072758E-03
       308     2.22032634472673E-03
       309     2.20282291312212E-03
       310     2.18545750674498E-03
       311     2.16822903521096E-03
       312     2.15113641684510E-03
       313     2.13417857860767E-03
       314     2.11735445602093E-03
       315     2.10066299309631E-03
       316     2.08410314226302E-03
       317     2.06767386429699E-03
       318     2.05137412825084E-03
       319     2.03520291138442E-03
       320     2.01915919909631E-03
       321     2.00324198485588E-03
       322     1.98745027013611E-03
       323     1.97178306434726E-03
       324     1.95623938477092E-03
       325     1.94081825649505E-03
       326     1.92551871234946E-03
       327     1.91033979284214E-03
       328     1.89528054609584E-03
       329     1.88034002778607E-03
       330     1.86551730107853E-03
       331     1.85081143656834E-03
       332     1.83622151221908E-03
       333     1.82174661330269E-03
       334     1.80738583233991E-03
       335     1.79313826904139E-03
       336     1.77900303024907E-03
       337     1.76497922987846E-03
       338     1.75106598886129E-03
       339     1.73726243508848E-03
       340     1.72356770335408E-03
       341     1.70998093529935E-03
       342     1.69650127935750E-03
       343     1.68312789069897E-03
       344     1.66985993117702E-03
       345     1.65669656927407E-03
       346     1.64363698004818E-03
       347     1.63068034508056E-03
       348     1.61782585242270E-03
       349     1.60507269654477E-03
       350     1.59242007828408E-03
       351     1.57986720479406E-03
       352     1.56741328949365E-03
       353     1.55505755201704E-03
       354     1.54279921816424E-03
       355     1.53063751985155E-03
       356     1.51857169506286E-03
       357     1.50660098780096E-03
       358     1.49472464803983E-03
       359     1.48294193167676E-03
       360     1.47125210048524E-03
       361     1.45965442206805E-03
       362     1.44814816981092E-03
       363     1.43673262283653E-03
       364     1.42540706595859E-03
       365     1.41417078963675E-03
       366     1.40302308993193E-03
       367     1.39196326846123E-03
       368     1.38099063235425E-03
       369     1.37010449420911E-03
       370     1.35930417204899E-03
       371     1.34858898927917E-03
       372     1.33795827464424E-03
       373     1.32741136218568E-03
       374     1.31694759119994E-03
       375     1.30656630619675E-03
       376     1.29626685685763E-03
       377     1.28604859799515E-03
       378     1.27591088951204E-03
       379     1.26585309636098E-03
       380     1.25587458850459E-03
       381     1.24597474087567E-03
       382     1.23615293333787E-03
       383     1.22640855064675E-03
       384     1.21674098241091E-03
       385     1.20714962305368E-03
       386     1.19763387177499E-03
       387     1.18819313251351E-03
       388     1.17882681390929E-03
       389     1.16953432926652E-03
       390     1.16031509651656E-03
       391     1.15116853818147E-03
       392     1.14209408133762E-03
       393     1.13309115757981E-03
       394     1.12415920298537E-03
       395     1.11529765807888E-03
       396     1.10650596779699E-03
       397     1.09778358145346E-03
       398     1.08912995270478E-03
       399     1.08054453951561E-03
       400     1.07202680412492E-03
       401     1.06357621301220E-03
       402     1.05519223686389E-03
       403     1.04687435054022E-03
       404     1.03862203304223E-03
       405     1.03043476747909E-03
       406     1.02231204103559E-03
       407     1.01425334494010E-03
       408     1.00625817443245E-03
       409     9.98326028732485E-04
       410     9.90456411008477E-04
       411     9.82648828345889E-04
       412     9.74902791716820E-04
       413     9.67217815948900E-04
       414     9.59593419695067E-04
       415     9.52029125403440E-04
       416     9.44524459287199E-04
       417     9.37078951295024E-04
       418     9.29692135081433E-04
       419     9.22363547977820E-04
       420     9.15092730963174E-04
       421     9.07879228635450E-04
       422     9.00722589182933E-04
       423     8.93622364355976E-04
       424     8.86578109438901E-04
       425     8.79589383222032E-04
       426     8.72655747974152E-04
       427     8.65776769415001E-04
       428     8.58952016687994E-04
       429     8.52181062333400E-04
       430     8.45463482261298E-04
       431     8.38798855725244E-04
       432     8.32186765295712E-04
       433     8.25626796834054E-04
       434     8.19118539466424E-04
       435     8.12661585558175E-04
       436     8.06255530688227E-04
       437     7.99899973623637E-04
       438     7.93594516294684E-04
       439     7.87338763769725E-04
       440     7.81132324230509E-04
       441     7.74974808947613E-04
       442     7.68865832256185E-04
       443     7.62805011531552E-04
       444     7.56791967165539E-04
       445     7.50826322542388E-04
       446     7.44907704015398E-04
       447     7.39035740883338E-04
       448     7.33210065367385E-04
       449     7.27430312587966E-04
       450     7.21696120541858E-04
       451     7.16007130079673E-04
       452     7.10362984883230E-04
       453     7.04763331443201E-04
       454     6.99207819037073E-04
       455     6.93696099707098E-04
       456     6.88227828238576E-04
       457     6.82802662138164E-04
       458     6.77420261612347E-04
       459     6.72080289546285E-04
       460     6.66782411482639E-04
       461     6.61526295600612E-04
       462     6.56311612695219E-04
       463     6.51138036156547E-04
       464     6.46005241949346E-04
       465     6.40912908592793E-04
       466     6.35860717140337E-04
       467     6.30848351159621E-04
       468     6.25875496712731E-04
       469     6.20941842336587E-04
       470     6.16047079023295E-04
       471     6.11190900200899E-04
       472     6.06373001714164E-04
       473     6.01593081805522E-04
       474     5.96850841096004E-04
       475     5.92145982566809E-04
       476     5.87478211540480E-04
       477     5.82847235662416E-04
       478     5.78252764882696E-04
       479     5.73694511437821E-04
       480     5.69172189832776E-04
       481     5.64685516822927E-04
       482     5.60234211396606E-04
       483     5.55817994757248E-04
       484     5.51436590306069E-04
       485     5.47089723624634E-04
       486     5.42777122457745E-04
       487     5.38498516696449E-04
       488     5.34253638360875E-04
       489     5.30042221583717E-04
       490     5.25864002593499E-04
       491     5.21718719697921E-04
       492     5.17606113267695E-04
       493     5.13525925720079E-04
       494     5.09477901502873E-04
       495     5.05461787078300E-04
       496     5.01477330907273E-04
       497     4.97524283433488E-04
       498     4.93602397067979E-04
       499     4.89711426173303E-04
       500     4.85851127048491E-04
       501     4.82021257913618E-04
       502     4.78221578894647E-04
       503     4.74451852008405E-04
       504     4.70711841147797E-04
       505     4.67001312066831E-04
       506     4.63320032366169E-04
       507     4.59667771478273E-04
       508     4.56044300653308E-04
       509     4.52449392944506E-04
       510     4.48882823194140E-04
       511     4.45344368019415E-04
       512     4.41833805798358E-04
       513     4.38350916656027E-04
       514     4.34895482450737E-04
       515     4.31467286760395E-04
       516     4.28066114868849E-04
       517     4.24691753752624E-04
       518     4.21343992067411E-04
       519     4.18022620134921E-04
       520     4.14727429929697E-04
       521     4.11458215066164E-04
       522     4.08214770785607E-04
       523     4.04996893943397E-04
       524     4.01804382996227E-04
       525     3.98637037989651E-04
       526     3.95494660545272E-04
       527     3.92377053848589E-04
       528     3.89284022636487E-04
       529     3.86215373185122E-04
       530     3.83170913297696E-04
       531     3.80150452292542E-04
       532     3.77153800991012E-04
       533     3.74180771705777E-04
       534     3.71231178229015E-04
       535     3.68304835820734E-04
       536     3.65401561197226E-04
       537     3.62521172519533E-04
       538     3.59663489382165E-04
       539     3.56828332801690E-04
       540     3.54015525205615E-04
       541     3.51224890421168E-04
       542     3.48456253664354E-04
       543     3.45709441528977E-04
       544     3.42984281975680E-04
       545     3.40280604321403E-04
       546     3.37598239228443E-04
       547     3.34937018694004E-04
       548     3.32296776039637E-04
       549     3.29677345900714E-04
       550     3.27078564216198E-04
       551     3.24500268218357E-04
       552     3.21942296422455E-04
       553     3.19404488616780E-04
       554     3.16886685852434E-04
       555     3.14388730433615E-04
       556     3.11910465907510E-04
       557     3.09451737054633E-04
       558     3.07012389879053E-04
       559     3.04592271598770E-04
       560     3.02191230636140E-04
       561     2.99809116608375E-04
       562     2.97445780318117E-04
       563     2.95101073744092E-04
       564     2.92774850031904E-04
       565     2.90466963484710E-04
       566     2.88177269554198E-04
       567     2.85905624831546E-04
       568     2.83651887038331E-04
       569     2.81415915017749E-04
       570     2.79197568725603E-04
       571     2.76996709221763E-04
       572     2.74813198661299E-04
       573     2.72646900285812E-04
       574     2.70497678415059E-04
       575     2.68365398438208E-04
       576     2.66249926805671E-04
       577     2.64151131020538E-04
       578     2.62068879630357E-04
       579     2.60003042218895E-04
       580     2.57953489397910E-04
       581     2.55920092799214E-04
       582     2.53902725066446E-04
       583     2.51901259847142E-04
       584     2.49915571784953E-04
       585     2.47945536511597E-04
       586     2.45991030639234E-04
       587     2.44051931752598E-04
       588     2.42128118401397E-04
       589     2.40219470092807E-04
       590     2.38325867283735E-04
       591     2.36447191373458E-04
       592     2.34583324696135E-04
       593     2.32734150513489E-04
       594     2.30899553007486E-04
       595     2.29079417272968E-04
       596     2.27273629310696E-04
       597     2.25482076019934E-04
       598     2.23704645191559E-04
       599     2.21941225501016E-04
       600     2.20191706501185E-04
       601     2.18455978615671E-04
       602     2.16733933131813E-04
       603     2.15025462193928E-04
       604     2.13330458796509E-04
       605     2.11648816777629E-04
       606     2.09980430812072E-04
       607     2.08325196405027E-04
       608     2.06683009885325E-04
       609     2.05053768398998E-04
       610     2.03437369902918E-04
       611     2.01833713158330E-04
       612     2.00242697724451E-04
       613     1.98664223952339E-04
       614     1.97098192978529E-04
       615     1.95544506718876E-04
       616     1.94003067862427E-04
       617     1.92473779865289E-04
       618     1.90956546944634E-04
       619     1.89451274072706E-04
       620     1.87957866970660E-04
       621     1.86476232103072E-04
       622     1.85006276671703E-04
       623     1.83547908609821E-04
       624     1.82101036576520E-04
       625     1.80665569950805E-04
       626     1.79241418826111E-04
       627     1.77828494004548E-04
       628     1.76426706991424E-04
       629     1.75035969989512E-04
       630     1.73656195893793E-04
       631     1.72287298285777E-04
       632     1.70929191428359E-04
       633     1.69581790260017E-04
       634     1.68245010390027E-04
       635     1.66918768092695E-04
       636     1.65602980302477E-04
       637     1.64297564608547E-04
       638     1.63002439249624E-04
       639     1.61717523109094E-04
       640     1.60442735709673E-04
       641     1.59177997208470E-04
       642     1.57923228392004E-04
       643     1.56678350671204E-04
       644     1.55443286076518E-04
       645     1.54217957253006E-04
       646     1.53002287455475E-04
       647     1.51796200543747E-04
       648     1.50599620977807E-04
       649     1.49412473813084E-04
       650     1.48234684695863E-04
       651     1.47066179858473E-04
       652     1.45906886114762E-04
       653     1.44756730855468E-04
       654     1.43615642043781E-04
       655     1.42483548210573E-04
       656     1.41360378450283E-04
       657     1.40246062416150E-04
       658     1.39140530315985E-04
       659     1.38043712907832E-04
       660     1.36955541495474E-04
       661     1.35875947924126E-04
       662     1.34804864576443E-04
       663     1.33742224367972E-04
       664     1.32687960743138E-04
       665     1.31642007670982E-04
       666     1.30604299640985E-04
       667     1.29574771659173E-04
       668     1.28553359243782E-04
       669     1.27539998421455E-04
       670     1.26534625723021E-04
       671     1.25537178179685E-04
       672     1.24547593319002E-04
       673     1.23565809161001E-04
       674     1.22591764214283E-04
       675     1.21625397472151E-04
       676     1.20666648408817E-04
       677     1.19715456975660E-04
       678     1.18771763597324E-04
       679     1.17835509168149E-04
       680     1.16906635048346E-04
       681     1.15985083060390E-04
       682     1.15070795485339E-04
       683     1.14163715059292E-04
       684     1.13263784969687E-04
       685     1.12370948851858E-04
       686     1.11485150785367E-04
       687     1.10606335290678E-04
       688     1.09734447325547E-04
       689     1.08869432281567E-04
       690     1.08011235980939E-04
       691     1.07159804672845E-04
       692     1.06315085030096E-04
       693     1.05477024146070E-04
       694     1.04645569530959E-04
       695     1.03820669108937E-04
       696     1.03002271214543E-04
       697     1.02190324589674E-04
       698     1.01384778380180E-04
       699     1.00585582132898E-04
       700     9.97926857922859E-05
       701     9.90060396974767E-05
       702     9.82255945789512E-05
       703     9.74513015556550E-05
       704     9.66831121318305E-05
       705     9.59209781940432E-05
       706     9.51648520080163E-05
       707     9.44146862158867E-05
       708     9.36704338330157E-05
       709     9.29320482451397E-05
       710     9.21994832055202E-05
       711     9.14726928318714E-05
       712     9.07516316036722E-05
       713     9.00362543591865E-05
       714     8.93265162926918E-05
       715     8.86223729516277E-05
       716     8.79237802339331E-05
       717     8.72306943850892E-05
       718     8.65430719955423E-05
       719     8.58608699979007E-05
       720     8.51840456643521E-05
       721     8.45125566037262E-05
       722     8.38463607592147E-05
       723     8.31854164053768E-05
       724     8.25296821457407E-05
       725     8.18791169102068E-05
       726     8.12336799523506E-05
       727     8.05933308469111E-05
       728     7.99580294874582E-05
       729     7.93277360835329E-05
       730     7.87024111584231E-05
       731     7.80820155466016E-05
       732     7.74665103912627E-05
       733     7.68558571418400E-05
       734     7.62500175517854E-05
       735     7.56489536759380E-05
       736     7.50526278682948E-05
       737     7.44610027795819E-05
       738     7.38740413549646E-05
       739     7.32917068317264E-05
       740     7.27139627368887E-05
       741     7.21407728849892E-05
       742     7.15721013758562E-05
       743     7.10079125922684E-05
       744     7.04481711977880E-05
       745     6.98928421344848E-05
       746     6.93418906209194E-05
       747     6.87952821496154E-05
       748     6.82529824853008E-05
       749     6.77149576624611E-05
       750     6.71811739833686E-05
       751     6.66515980159687E-05
       752     6.61261965915884E-05
       753     6.56049368032606E-05
       754     6.50877860031957E-05
       755     6.45747118010635E-05
       756     6.40656820618424E-05
       757     6.35606649038517E-05
       758     6.30596286967010E-05
       759     6.25625420593195E-05
       760     6.20693738580355E-05
       761     6.15800932045807E-05
       762     6.10946694541698E-05
       763     6.06130722036713E-05
       764     6.01352712894335E-05
       765     5.96612367857642E-05
       766     5.91909390027046E-05
       767     5.87243484845190E-05
       768     5.82614360075213E-05
       769     5.78021725784159E-05
       770     5.73465294325157E-05
       771     5.68944780318560E-05
       772     5.64459900633622E-05
       773     5.60010374372049E-05
       774     5.55595922849892E-05
       775     5.51216269580397E-05
       776     5.46871140255120E-05
       777     5.42560262728916E-05
       778     5.38283367001581E-05
       779     5.34040185201099E-05
       780     5.29830451567210E-05
       781     5.25653902434987E-05
       782     5.21510276217108E-05
       783     5.17399313388870E-05
       784     5.13320756471261E-05
       785     5.09274350015093E-05
       786     5.05259840583893E-05
       787     5.01276976740180E-05
       788     4.97325509028396E-05
       789     4.93405189958377E-05
       790     4.89515773991607E-05
       791     4.85657017525363E-05
       792     4.81828678876441E-05
       793     4.78030518267628E-05
       794     4.74262297810550E-05
       795     4.70523781493812E-05
       796     4.66814735165122E-05
       797     4.63134926518302E-05
       798     4.59484125078495E-05
       799     4.55862102187698E-05
       800     4.52268630990303E-05
       801     4.48703486418988E-05
       802     4.45166445180163E-05
       803     4.41657285741077E-05
       804     4.38175788314955E-05
       805     4.34721734847391E-05
       806     4.31294909003662E-05
       807     4.27895096153055E-05
       808     4.24522083357980E-05
       809     4.21175659358543E-05
       810     4.17855614560480E-05
       811     4.14561741022019E-05
       812     4.11293832440207E-05
       813     4.08051684138268E-05
       814     4.04835093053058E-05
       815     4.01643857722216E-05
       816     3.98477778271139E-05
       817     3.95336656400880E-05
       818     3.92220295376095E-05
       819     3.89128500011418E-05
       820     3.86061076660905E-05
       821     3.83017833204845E-05
       822     3.79998579037887E-05
       823     3.77003125056688E-05
       824     3.74031283649543E-05
       825     3.71082868683641E-05
       826     3.68157695491754E-05
       827     3.65255580864469E-05
       828     3.62376343035449E-05
       829     3.59519801670982E-05
       830     3.56685777860329E-05
       831     3.53874094101029E-05
       832     3.51084574291509E-05
       833     3.48317043716911E-05
       834     3.45571329041196E-05
       835     3.42847258293574E-05
       836     3.40144660859403E-05
       837     3.37463367468891E-05
       838     3.34803210185943E-05
       839     3.32164022399196E-05
       840     3.29545638810290E-05
       841     3.26947895423519E-05
       842     3.24370629536482E-05
       843     3.21813679728756E-05
       844     3.19276885853446E-05
       845     3.16760089024441E-05
       846     3.14263131609174E-05
       847     3.11785857218056E-05
       848     3.09328110692704E-05
       849     3.06889738099454E-05
       850     3.04470586717530E-05
       851     3.02070505029607E-05
       852     2.99689342712845E-05
       853     2.97326950629906E-05
       854     2.94983180818583E-05
       855     2.92657886483193E-05
       856     2.90350921985435E-05
       857     2.88062142834601E-05
       858     2.85791405678934E-05
       859     2.83538568297101E-05
       860     2.81303489589096E-05
       861     2.79086029566411E-05
       862     2.76886049344451E-05
       863     2.74703411133207E-05
       864     2.72537978229748E-05
       865     2.70389615006996E-05
       866     2.68258186909034E-05
       867     2.66143560438740E-05
       868     2.64045603152784E-05
       869     2.61964183650935E-05
       870     2.59899171569087E-05
       871     2.57850437571260E-05
       872     2.55817853339783E-05
       873     2.53801291570089E-05
       874     2.51800625959271E-05
       875     2.49815731202018E-05
       876     2.47846482978903E-05
       877     2.45892757951896E-05
       878     2.43954433754634E-05
       879     2.42031388985279E-05
       880     2.40123503199469E-05
       881     2.38230656901538E-05
       882     2.36352731538373E-05
       883     2.34489609490963E-05
       884     2.32641174068046E-05
       885     2.30807309497454E-05
       886     2.28987900920450E-05
       887     2.27182834382672E-05
       888     2.25391996829309E-05
       889     2.23615276095677E-05
       890     2.21852560901568E-05
       891     2.20103740844351E-05
       892     2.18368706391661E-05
       893     2.16647348873781E-05
       894     2.14939560477752E-05
       895     2.13245234242195E-05
       896     2.11564264046415E-05
       897     2.09896544608000E-05
       898     2.08241971473272E-05
       899     2.06600441012684E-05
       900     2.04971850413982E-05
       901     2.03356097673782E-05
       902     2.01753081594308E-05
       903     2.00162701775253E-05
       904     1.98584858607283E-05
       905     1.97019453266249E-05
       906     1.95466387707307E-05
       907     1.93925564658062E-05
       908     1.92396887613988E-05
       909     1.90880260829792E-05
       910     1.89375589316003E-05
       911     1.87882778831668E-05
       912     1.86401735878269E-05
       913     1.84932367694755E-05
       914     1.83474582251658E-05
       915     1.82028288243976E-05
       916     1.80593395087378E-05
       917     1.79169812910806E-05
       918     1.77757452552112E-05
       919     1.76356225552759E-05
       920     1.74966044149032E-05
       921     1.73586821272250E-05
       922     1.72218470537512E-05
       923     1.70860906242343E-05
       924     1.69514043359278E-05
       925     1.68177797530873E-05
       926     1.66852085065602E-05
       927     1.65536822930123E-05
       928     1.64231928747644E-05
       929     1.62937320789155E-05
       930     1.61652917969796E-05
       931     1.60378639845412E-05
       932     1.59114406604255E-05
       933     1.57860139065118E-05
       934     1.56615758669650E-05
       935     1.55381187480404E-05
       936     1.54156348172362E-05
       937     1.52941164031482E-05
       938     1.51735558948097E-05
       939     1.50539457412174E-05
       940     1.49352784509001E-05
       941     1.48175465914707E-05
       942     1.47007427891219E-05
       943     1.45848597281399E-05
       944     1.44698901505089E-05
       945     1.43558268554253E-05
       946     1.42426626988559E-05
       947     1.41303905929941E-05
       948     1.40190035061171E-05
       949     1.39084944616684E-05
       950     1.37988565382657E-05
       951     1.36900828690057E-05
       952     1.35821666411945E-05
       953     1.34751010957543E-05
       954     1.33688795269145E-05
       955     1.32634952818146E-05
       956     1.31589417599557E-05
       957     1.30552124129222E-05
       958     1.29523007439016E-05
       959     1.28502003073293E-05
       960     1.27489047083768E-05
       961     1.26484076026877E-05
       962     1.25487026958774E-05
       963     1.24497837432491E-05
       964     1.23516445492412E-05
       965     1.22542789671531E-05
       966     1.21576808988211E-05
       967     1.20618442940325E-05
       968     1.19667631502828E-05
       969     1.18724315125117E-05
       970     1.17788434724437E-05
       971     1.16859931685029E-05
       972     1.15938747851994E-05
       973     1.15024825529827E-05
       974     1.14118107477503E-05
       975     1.13218536904934E-05
       976     1.12326057470037E-05
       977     1.11440613274980E-05
       978     1.10562148862044E-05
       979     1.09690609210978E-05
       980     1.08825939735365E-05
       981     1.07968086279254E-05
       982     1.07116995113032E-05
       983     1.06272612930779E-05
       984     1.05434886846959E-05
       985     1.04603764393030E-05
       986     1.03779193513688E-05
       987     1.02961122564286E-05
       988     1.02149500307221E-05
       989     1.01344275908335E-05
       990     1.00545398935020E-05
       991     9.97528193516422E-06
       992     9.89664875168821E-06
       993     9.81863541814869E-06
       994     9.74123704831573E-06
       995     9.66444879465608E-06
       996     9.58826584761625E-06
       997     9.51268343576135E-06
       998     9.43769682520342E-06
       999     9.36330131930273E-06
      1000     9.28949225856402E-06
      1001     9.21626502009873E-06
      1002     9.14361501753605E-06
      1003     9.07153770062186E-06
      1004     9.00002855500829E-06
      1005     8.92908310195280E-06
      1006     8.85869689787740E-06
      1007     8.78886553442771E-06
      1008     8.71958463786318E-06
      1009     8.65084986895924E-06
      1010     8.58265692271390E-06
      1011     8.51500152802012E-06
      1012     8.44787944748176E-06
      1013     8.38128647711952E-06
      1014     8.31521844598044E-06
      1015     8.24967121617044E-06
      1016     8.18464068224266E-06
      1017     8.12012277120274E-06
      1018     8.05611344217483E-06
      1019     7.99260868608284E-06
      1020     7.92960452546903E-06
      1021     7.86709701426212E-06
      1022     7.80508223744616E-06
      1023     7.74355631090096E-06
      1024     7.68251538115998E-06
      1025     7.62195562500303E-06
      1026     7.56187324949564E-06
      1027     7.50226449151445E-06
      1028     7.44312561763862E-06
      1029     7.38445292389315E-06
      1030     7.32624273541525E-06
      1031     7.26849140640869E-06
      1032     7.21119531973889E-06
      1033     7.15435088684048E-06
      1034     7.09795454741416E-06
      1035     7.04200276923513E-06
      1036     6.98649204790696E-06
      1037     6.93141890662981E-06
      1038     6.87677989612896E-06
      1039     6.82257159417238E-06
      1040     6.76879060558871E-06
      1041     6.71543356198578E-06
      1042     6.66249712139850E-06
      1043     6.60997796836840E-06
      1044     6.55787281348776E-06
      1045     6.50617839326591E-06
      1046     6.45489146996496E-06
      1047     6.40400883142612E-06
      1048     6.35352729069674E-06
      1049     6.30344368602142E-06
      1050     6.25375488053542E-06
      1051     6.20445776208715E-06
      1052     6.15554924313669E-06
      1053     6.10702626045205E-06
      1054     6.05888577484056E-06
      1055     6.01112477121385E-06
      1056     5.96374025814888E-06
      1057     5.91672926792114E-06
      1058     5.87008885604923E-06
      1059     5.82381610134882E-06
      1060     5.77790810567703E-06
      1061     5.73236199369241E-06
      1062     5.68717491272130E-06
      1063     5.64234403264130E-06
      1064     5.59786654554188E-06
      1065     5.55373966574015E-06
      1066     5.50996062940695E-06
      1067     5.46652669464341E-06
      1068     5.42343514100042E-06
      1069     5.38068326961157E-06
      1070     5.33826840280734E-06
      1071     5.29618788402888E-06
      1072     5.25443907770648E-06
      1073     5.21301936898580E-06
      1074     5.17192616369501E-06
      1075     5.13115688804899E-06
      1076     5.09070898856420E-06
      1077     5.05057993192532E-06
      1078     5.01076720473507E-06
      1079     4.97126831343001E-06
      1080     4.93208078410776E-06
      1081     4.89320216236607E-06
      1082     4.85463001311854E-06
      1083     4.81636192058917E-06
      1084     4.77839548785787E-06
      1085     4.74072833704462E-06
      1086     4.70335810893192E-06
      1087     4.66628246302815E-06
      1088     4.62949907711708E-06
      1089     4.59300564738350E-06
      1090     4.55679988820139E-06
      1091     4.52087953186442E-06
      1092     4.48524232860032E-06
      1093     4.44988604644033E-06
      1094     4.41480847086794E-06
      1095     4.38000740493128E-06
      1096     4.34548066892399E-06
      1097     4.31122610040713E-06
      1098     4.27724155390174E-06
      1099     4.24352490085664E-06
      1100     4.21007402957354E-06
      1101     4.17688684493056E-06
      1102     4.14396126832163E-06
      1103     4.11129523753207E-06
      1104     4.07888670666638E-06
      1105     4.04673364586975E-06
      1106     4.01483404127894E-06
      1107     3.98318589499700E-06
      1108     3.95178722481954E-06
      1109     3.92063606420378E-06
      1110     3.88973046205770E-06
      1111     3.85906848267451E-06
      1112     3.82864820562197E-06
      1113     3.79846772566200E-06
      1114     3.76852515243686E-06
      1115     3.73881861064300E-06
      1116     3.70934623968138E-06
      1117     3.68010619359885E-06
      1118     3.65109664105317E-06
      1119     3.62231576509046E-06
      1120     3.59376176310765E-06
      1121     3.56543284672019E-06
      1122     3.53732724158078E-06
      1123     3.50944318739688E-06
      1124     3.48177893771514E-06
      1125     3.45433275985552E-06
      1126     3.42710293485354E-06
      1127     3.40008775718062E-06
      1128     3.37328553484701E-06
      1129     3.34669458913453E-06
      1130     3.32031325462622E-06
      1131     3.29413987897939E-06
      1132     3.26817282289322E-06
      1133     3.24241045998615E-06
      1134     3.21685117672012E-06
      1135     3.19149337226942E-06
      1136     3.16633545839707E-06
      1137     3.14137585939426E-06
      1138     3.11661301198584E-06
      1139     3.09204536525651E-06
      1140     3.06767138042494E-06
      1141     3.04348953092469E-06
      1142     3.01949830220011E-06
      1143     2.99569619158987E-06
      1144     2.97208170831769E-06
      1145     2.94865337339268E-06
      1146     2.92540971940576E-06
      1147     2.90234929057370E-06
      1148     2.87947064256084E-06
      1149     2.85677234243433E-06
      1150     2.83425296853576E-06
      1151     2.81191111040321E-06
      1152     2.78974536875590E-06
      1153     2.76775435528861E-06
      1154     2.74593669262245E-06
      1155     2.72429101434546E-06
      1156     2.70281596466117E-06
      1157     2.68151019857148E-06
      1158     2.66037238162886E-06
      1159     2.63940118994288E-06
      1160     2.61859531005771E-06
      1161     2.59795343879925E-06
      1162     2.57747428333471E-06
      1163     2.55715656104375E-06
      1164     2.53699899935386E-06
      1165     2.51700033575358E-06
      1166     2.49715931766541E-06
      1167     2.47747470244528E-06
      1168     2.45794525716702E-06
      1169     2.43856975862746E-06
      1170     2.41934699334410E-06
      1171     2.40027575733687E-06
      1172     2.38135485614385E-06
      1173     2.36258310467827E-06
      1174     2.34395932723589E-06
      1175     2.32548235736576E-06
      1176     2.30715103779564E-06
      1177     2.28896422041923E-06
      1178     2.27092076613216E-06
      1179     2.25301954487429E-06
      1180     2.23525943539642E-06
      1181     2.21763932536438E-06
      1182     2.20015811119454E-06
      1183     2.18281469798329E-06
      1184     2.16560799950854E-06
      1185     2.14853693801717E-06
      1186     2.13160044436451E-06
      1187     2.11479745775560E-06
      1188     2.09812692577761E-06
      1189     2.08158780432824E-06
      1190     2.06517905749325E-06
      1191     2.04889965758795E-06
      1192     2.03274858501033E-06
      1193     2.01672482812439E-06
      1194     2.00082738339908E-06
      1195     1.98505525508826E-06
      1196     1.96940745534348E-06
      1197     1.95388300411771E-06
      1198     1.93848092910096E-06
      1199     1.92320026559496E-06
      1200     1.90804005656785E-06
      1201     1.89299935248131E-06
      1202     1.87807721129118E-06
      1203     1.86327269839831E-06
      1204     1.84858488658493E-06
      1205     1.83401285592488E-06
      1206     1.81955569364321E-06
      1207     1.80521249437241E-06
      1208     1.79098235970541E-06
      1209     1.77686439838112E-06
      1210     1.76285772619399E-06
      1211     1.74896146580796E-06
      1212     1.73517474694287E-06
      1213     1.72149670605488E-06
      1214     1.70792648646553E-06
      1215     1.69446323827099E-06
      1216     1.68110611817769E-06
      1217     1.66785428960135E-06
      1218     1.65470692263480E-06
      1219     1.64166319375283E-06
      1220     1.62872228602891E-06
      1221     1.61588338893582E-06
      1222     1.60314569831977E-06
      1223     1.59050841640920E-06
      1224     1.57797075172096E-06
      1225     1.56553191899160E-06
      1226     1.55319113908331E-06
      1227     1.54094763915984E-06
      1228     1.52880065229693E-06
      1229     1.51674941776442E-06
      1230     1.50479318076617E-06
      1231     1.49293119239678E-06
      1232     1.48116270974432E-06
      1233     1.46948699571805E-06
      1234     1.45790331906079E-06
      1235     1.44641095424514E-06
      1236     1.43500918149208E-06
      1237     1.42369728663193E-06
      1238     1.41247456124551E-06
      1239     1.40134030238314E-06
      1240     1.39029381267116E-06
      1241     1.37933440029726E-06
      1242     1.36846137879808E-06
      1243     1.35767406718627E-06
      1244     1.34697178981209E-06
      1245     1.33635387639573E-06
      1246     1.32581966191233E-06
      1247     1.31536848658001E-06
      1248     1.30499969575084E-06
      1249     1.29471264008961E-06
      1250     1.28450667529680E-06
      1251     1.27438116205480E-06
      1252     1.26433546628327E-06
      1253     1.25436895873270E-06
      1254     1.24448101518459E-06
      1255     1.23467101636852E-06
      1256     1.22493834786850E-06
      1257     1.21528240004235E-06
      1258     1.20570256815014E-06
      1259     1.19619825219003E-06
      1260     1.18676885690841E-06
      1261     1.17741379167018E-06
      1262     1.16813247056420E-06
      1263     1.15892431227570E-06
      1264     1.14978874009329E-06
      1265     1.14072518186779E-06
      1266     1.13173306984655E-06
      1267     1.12281184088208E-06
      1268     1.11396093621429E-06
      1269     1.10517980148396E-06
      1270     1.09646788671453E-06
      1271     1.08782464624745E-06
      1272     1.07924953872238E-06
      1273     1.07074202710236E-06
      1274     1.06230157854564E-06
      1275     1.05392766433911E-06
      1276     1.04561976009405E-06
      1277     1.03737734537573E-06
      1278     1.02919990400573E-06
      1279     1.02108692379245E-06
      1280     1.01303789662626E-06
      1281     1.00505231834004E-06
      1282     9.97129688799347E-07
      1283     9.89269511789033E-07
      1284     9.81471295009525E-07
      1285     9.73734550036677E-07
      1286     9.66058792272497E-07
      1287     9.58443541056572E-07
      1288     9.50888319327872E-07
      1289     9.43392653921582E-07
      1290     9.35956075362295E-07
      1291     9.28578117921659E-07
      1292     9.21258319417859E-07
      1293     9.13996221484543E-07
      1294     9.06791369216496E-07
      1295     8.99643311396663E-07
      1296     8.92551600298162E-07
      1297     8.85515791758583E-07
      1298     8.78535445146288E-07
      1299     8.71610123191858E-07
      1300     8.64739392217673E-07
      1301     8.57922821824993E-07
      1302     8.51159985152988E-07
      1303     8.44450458572381E-07
      1304     8.37793821856158E-07
      1305     8.31189658116069E-07
      1306     8.24637553721584E-07
      1307     8.18137098213997E-07
      1308     8.11687884556441E-07
      1309     8.05289508770460E-07
      1310     7.98941570164100E-07
      1311     7.92643671050173E-07
      1312     7.86395417065209E-07
      1313     7.80196416807805E-07
      1314     7.74046282074266E-07
      1315     7.67944627630460E-07
      1316     7.61891071332590E-07
      1317     7.55885234043448E-07
      1318     7.49926739554275E-07
      1319     7.44015214740718E-07
      1320     7.38150289279964E-07
      1321     7.32331595865765E-07
      1322     7.26558770116064E-07
      1323     7.20831450369697E-07
      1324     7.15149277961261E-07
      1325     7.09511897002824E-07
      1326     7.03918954424436E-07
      1327     6.98370099886171E-07
      1328     6.92864985896090E-07
      1329     6.87403267618069E-07
      1330     6.81984603012228E-07
      1331     6.76608652694458E-07
      1332     6.71275079856164E-07
      1333     6.65983550591420E-07
      1334     6.60733733397062E-07
      1335     6.55525299442122E-07
      1336     6.50357922570598E-07
      1337     6.45231279123371E-07
      1338     6.40145048004152E-07
      1339     6.35098910609273E-07
      1340     6.30092550954106E-07
      1341     6.25125655433238E-07
      1342     6.20197912970207E-07
      1343     6.15309014952746E-07
      1344     6.10458655124759E-07
      1345     6.05646529741386E-07
      1346     6.00872337382032E-07
      1347     5.96135779037315E-07
      1348     5.91436558067643E-07
      1349     5.86774380169530E-07
      1350     5.82148953241218E-07
      1351     5.77559987644820E-07
      1352     5.73007195980278E-07
      1353     5.68490293092692E-07
      1354     5.64008996021314E-07
      1355     5.59563024137842E-07
      1356     5.55152099028777E-07
      1357     5.50775944336344E-07
      1358     5.46434285994902E-07
      1359     5.42126852107976E-07
      1360     5.37853372880629E-07
      1361     5.33613580629810E-07
      1362     5.29407209841795E-07
      1363     5.25233997057919E-07
      1364     5.21093680850177E-07
      1365     5.16986001981615E-07
      1366     5.12910703098948E-07
      1367     5.08867529020905E-07
      1368     5.04856226463386E-07
      1369     5.00876544241301E-07
      1370     4.96928233059641E-07
      1371     4.93011045638158E-07
      1372     4.89124736640673E-07
      1373     4.85269062639130E-07
      1374     4.81443782158662E-07
      1375     4.77648655629050E-07
      1376     4.73883445311756E-07
      1377     4.70147915428642E-07
      1378     4.66441831988496E-07
      1379     4.62764962824982E-07
      1380     4.59117077751882E-07
      1381     4.55497948223791E-07
      1382     4.51907347583791E-07
      1383     4.48345050943422E-07
      1384     4.44810835180010E-07
      1385     4.41304478944113E-07
      1386     4.37825762631085E-07
      1387     4.34374468344367E-07
      1388     4.30950379940481E-07
      1389     4.27553282937864E-07
      1390     4.24182964588241E-07
      1391     4.20839213799280E-07
      1392     4.17521821127230E-07
      1393     4.14230578820188E-07
      1394     4.10965280728662E-07
      1395     4.07725722329863E-07
      1396     4.04511700742347E-07
      1397     4.01323014654077E-07
      1398     3.98159464324997E-07
      1399     3.95020851674495E-07
      1400     3.91906980086839E-07
      1401     3.88817654507819E-07
      1402     3.85752681512344E-07
      1403     3.82711869072318E-07
      1404     3.79695026750243E-07
      1405     3.76701965617041E-07
      1406     3.73732498197187E-07
      1407     3.70786438466356E-07
      1408     3.67863601990047E-07
      1409     3.64963805659815E-07
      1410     3.62086867818130E-07
      1411     3.59232608328516E-07
      1412     3.56400848426958E-07
      1413     3.53591410699793E-07
      1414     3.50804119233587E-07
      1415     3.48038799412232E-07
      1416     3.45295278106540E-07
      1417     3.42573383398217E-07
      1418     3.39872944870233E-07
      1419     3.37193793360731E-07
      1420     3.34535761070568E-07
      1421     3.31898681553366E-07
      1422     3.29282389561347E-07
      1423     3.26686721355063E-07
      1424     3.24111514211640E-07
      1425     3.21556606989350E-07
      1426     3.19021839546091E-07
      1427     3.16507053217422E-07
      1428     3.14012090416362E-07
      1429     3.11536794955360E-07
      1430     3.09081011720760E-07
      1431     3.06644586961696E-07
      1432     3.04227368058202E-07
      1433     3.01829203643237E-07
      1434     2.99449943447333E-07
      1435     2.97089438484100E-07
      1436     2.94747540937830E-07
      1437     2.92424104102499E-07
      1438     2.90118982472976E-07
      1439     2.87832031651157E-07
      1440     2.85563108411917E-07
      1441     2.83312070654413E-07
      1442     2.81078777376933E-07
      1443     2.78863088718221E-07
      1444     2.76664865895957E-07
      1445     2.74483971238027E-07
      1446     2.72320268131303E-07
      1447     2.70173621073169E-07
      1448     2.68043895623360E-07
      1449     2.65930958362797E-07
      1450     2.63834676951839E-07
      1451     2.61754920171081E-07
      1452     2.59691557681145E-07
      1453     2.57644460257995E-07
      1454     2.55613499699709E-07
      1455     2.53598548821019E-07
      1456     2.51599481366171E-07
      1457     2.49616172219489E-07
      1458     2.47648497048811E-07
      1459     2.45696332734435E-07
      1460     2.43759556901997E-07
      1461     2.41838048315816E-07
      1462     2.39931686597017E-07
      1463     2.38040352356223E-07
      1464     2.36163927114360E-07
      1465     2.34302293396352E-07
      1466     2.32455334527495E-07
      1467     2.30622934895234E-07
      1468     2.28804979721250E-07
      1469     2.27001355123587E-07
      1470     2.25211948118203E-07
      1471     2.23436646680450E-07
      1472     2.21675339573181E-07
      1473     2.19927916512085E-07
      1474     2.18194268077077E-07
      1475     2.16474285617446E-07
      1476     2.14767861425827E-07
      1477     2.13074888665582E-07
      1478     2.11395261267193E-07
      1479     2.09728874038896E-07
      1480     2.08075622613640E-07
      1481     2.06435403459297E-07
      1482     2.04808113815417E-07
      1483     2.03193651770960E-07
      1484     2.01591916244278E-07
      1485     2.00002806842597E-07
      1486     1.98426224122698E-07
      1487     1.96862069249557E-07
      1488     1.95310244306097E-07
      1489     1.93770652112556E-07
      1490     1.92243196222535E-07
      1491     1.90727780947003E-07
      1492     1.89224311403565E-07
      1493     1.87732693409669E-07
      1494     1.86252833553677E-07
      1495     1.84784639131037E-07
      1496     1.83328018191279E-07
      1497     1.81882879549463E-07
      1498     1.80449132622735E-07
      1499     1.79026687634127E-07
      1500     1.77615455485728E-07
      1501     1.76215347827210E-07
      1502     1.74826276943558E-07
      1503     1.73448155833634E-07
      1504     1.72080898160801E-07
      1505     1.70724418316141E-07
      1506     1.69378631332708E-07
      1507     1.68043452945624E-07
      1508     1.66718799498822E-07
      1509     1.65404588008986E-07
      1510     1.64100736192706E-07
      1511     1.62807162415521E-07
      1512     1.61523785606845E-07
      1513     1.60250525421828E-07
      1514     1.58987302083405E-07
      1515     1.57734036466834E-07
      1516     1.56490650109227E-07
      1517     1.55257065138333E-07
      1518     1.54033204238295E-07
      1519     1.52818990825374E-07
      1520     1.51614348802177E-07
      1521     1.50419202774621E-07
      1522     1.49233477795904E-07
      1523     1.48057099690352E-07
      1524     1.46889994696328E-07
      1525     1.45732089798798E-07
      1526     1.44583312423708E-07
      1527     1.43443590654557E-07
      1528     1.42312853065140E-07
      1529     1.41191028877089E-07
      1530     1.40078047772771E-07
      1531     1.38973840107637E-07
      1532     1.37878336707574E-07
      1533     1.36791468909123E-07
      1534     1.35713168715798E-07
      1535     1.34643368507661E-07
      1536     1.33582001348219E-07
      1537     1.32529000735616E-07
      1538     1.31484300730986E-07
      1539     1.30447835855513E-07
      1540     1.29419541264291E-07
      1541     1.28399352500403E-07
      1542     1.27387205681710E-07
      1543     1.26383037417756E-07
      1544     1.25386784802609E-07
      1545     1.24398385485379E-07
      1546     1.23417777519537E-07
      1547     1.22444899447850E-07
      1548     1.21479690428226E-07
      1549     1.20522089949257E-07
      1550     1.19572038032622E-07
      1551     1.18629475203119E-07
      1552     1.17694342389327E-07
      1553     1.16766581072259E-07
      1554     1.15846133109850E-07
      1555     1.14932940843689E-07
      1556     1.14026947123383E-07
      1557     1.13128095117490E-07
      1558     1.12236328644222E-07
      1559     1.11351591745889E-07
      1560     1.10473829085899E-07
      1561     1.09602985623636E-07
      1562     1.08739006880629E-07
      1563     1.07881838695732E-07
      1564     1.07031427398842E-07
      1565     1.06187719723759E-07
      1566     1.05350662835868E-07
      1567     1.04520204332861E-07
      1568     1.03696292116452E-07
      1569     1.02878874668693E-07
      1570     1.02067900765901E-07
      1571     1.01263319592704E-07
      1572     1.00465080763175E-07
      1573     9.96731343209768E-08
      1574     9.88874306498479E-08
      1575     9.81079204934683E-08
      1576     9.73345550936315E-08
      1577     9.65672859350860E-08
      1578     9.58060650386121E-08
      1579     9.50508446842598E-08
      1580     9.43015775844824E-08
      1581     9.35582168215992E-08
      1582     9.28207158176122E-08
      1583     9.20890283832192E-08
      1584     9.13631087105796E-08
      1585     9.06429113384947E-08
      1586     8.99283911031477E-08
      1587     8.92195032872427E-08
      1588     8.85162035075673E-08
      1589     8.78184476934646E-08
      1590     8.71261921869940E-08
      1591     8.64393935531993E-08
      1592     8.57580088353939E-08
      1593     8.50819953337672E-08
      1594     8.44113107252970E-08
      1595     8.37459129809584E-08
      1596     8.30857604309669E-08
      1597     8.24308117472401E-08
      1598     8.17810258939216E-08
      1599     8.11363621560717E-08
      1600     8.04967801978692E-08
      1601     7.98622399324660E-08
      1602     7.92327016138965E-08
      1603     7.86081258135847E-08
      1604     7.79884734485355E-08
      1605     7.73737056801140E-08
      1606     7.67637839720934E-08
      1607     7.61586701752790E-08
      1608     7.55583264001150E-08
      1609     7.49627149686345E-08
      1610     7.43717986567834E-08
      1611     7.37855404190683E-08
      1612     7.32039034986335E-08
      1613     7.26268515734605E-08
      1614     7.20543483749943E-08
      1615     7.14863581711004E-08
      1616     7.09228452673107E-08
      1617     7.03637744287957E-08
      1618     6.98091106348814E-08
      1619     6.92588191674163E-08
      1620     6.87128655545853E-08
      1621     6.81712155544944E-08
      1622     6.76338352855222E-08
      1623     6.71006910693468E-08
      1624     6.65717495092514E-08
      1625     6.60469775276893E-08
      1626     6.55263422068266E-08
      1627     6.50098109676354E-08
      1628     6.44973514242766E-08
      1629     6.39889314948398E-08
      1630     6.34845193380933E-08
      1631     6.29840833766287E-08
      1632     6.24875922473003E-08
      1633     6.19950148813817E-08
      1634     6.15063203835215E-08
      1635     6.10214781570630E-08
      1636     6.05404578747405E-08
      1637     6.00632293678022E-08
      1638     5.95897627424587E-08
      1639     5.91200283886098E-08
      1640     5.86539968321847E-08
      1641     5.81916389190133E-08
      1642     5.77329256892079E-08
      1643     5.72778284123838E-08
      1644     5.68263185715961E-08
      1645     5.63783678802190E-08
      1646     5.59339483063020E-08
      1647     5.54930320171072E-08
      1648     5.50555913648404E-08
      1649     5.46215989620556E-08
      1650     5.41910276534508E-08
      1651     5.37638504707722E-08
      1652     5.33400406136079E-08
      1653     5.29195715618743E-08
      1654     5.25024170094116E-08
      1655     5.20885507738453E-08
      1656     5.16779469993937E-08
      1657     5.12705799215791E-08
      1658     5.08664240262802E-08
      1659     5.04654540367621E-08
      1660     5.00676448135970E-08
      1661     4.96729714064348E-08
      1662     4.92814091638869E-08
      1663     4.88929335157163E-08
      1664     4.85075201352953E-08
      1665     4.81251449174795E-08
      1666     4.77457838665599E-08
      1667     4.73694132628209E-08
      1668     4.69960094850542E-08
      1669     4.66255491989332E-08
      1670     4.62580091998101E-08
      1671     4.58933664083624E-08
      1672     4.55315980375097E-08
      1673     4.51726814125148E-08
      1674     4.48165940831690E-08
      1675     4.44633136576168E-08
      1676     4.41128181296098E-08
      1677     4.37650854626109E-08
      1678     4.34200939213032E-08
      1679     4.30778218561319E-08
      1680     4.27382478595319E-08
      1681     4.24013506763931E-08
      1682     4.20671091877187E-08
      1683     4.17355024423375E-08
      1684     4.14065096945467E-08
      1685     4.10801103272651E-08
      1686     4.07562839312035E-08
      1687     4.04350101534869E-08
      1688     4.01162689072593E-08
      1689     3.98000402764627E-08
      1690     3.94863043881617E-08
      1691     3.91750416115599E-08
      1692     3.88662325015442E-08
      1693     3.85598576356212E-08
      1694     3.82558978668817E-08
      1695     3.79543341608151E-08
      1696     3.76551476166780E-08
      1697     3.73583194863299E-08
      1698     3.70638312168743E-08
      1699     3.67716643288484E-08
      1700     3.64818005204746E-08
      1701     3.61942217086267E-08
      1702     3.59089097714162E-08
      1703     3.56258469083945E-08
      1704     3.53450153784120E-08
      1705     3.50663975733173E-08
      1706     3.47899760714899E-08
      1707     3.45157335319804E-08
      1708     3.42436528058124E-08
      1709     3.39737168344162E-08
      1710     3.37059087133996E-08
      1711     3.34402116572800E-08
      1712     3.31766090646637E-08
      1713     3.29150843882690E-08
      1714     3.26556212822243E-08
      1715     3.23982034200515E-08
      1716     3.21428147554803E-08
      1717     3.18894392851849E-08
      1718     3.16380611291160E-08
      1719     3.13886644945269E-08
      1720     3.11412338467221E-08
      1721     3.08957536366360E-08
      1722     3.06522084880343E-08
      1723     3.04105831942961E-08
      1724     3.01708625116812E-08
      1725     2.99330315555185E-08
      1726     2.96970753662352E-08
      1727     2.94629791565678E-08
      1728     2.92307283089270E-08
      1729     2.90003082231674E-08
      1730     2.87717044957967E-08
      1731     2.85449028168039E-08
      1732     2.83198889594343E-08
      1733     2.80966488614882E-08
      1734     2.78751685110309E-08
      1735     2.76554340638356E-08
      1736     2.74374317041396E-08
      1737     2.72211478345756E-08
      1738     2.70065688731228E-08
      1739     2.67936813847570E-08
      1740     2.65824721017403E-08
      1741     2.63729276993705E-08
      1742     2.61650351125256E-08
      1743     2.59587812904604E-08
      1744     2.57541533319405E-08
      1745     2.55511384143219E-08
      1746     2.53497238333022E-08
      1747     2.51498969339467E-08
      1748     2.49516452331702E-08
      1749     2.47549563125352E-08
      1750     2.45598179166569E-08
      1751     2.43662176955707E-08
      1752     2.41741435872650E-08
      1753     2.39835835802831E-08
      1754     2.37945257090735E-08
      1755     2.36069581586170E-08
      1756     2.34208691433371E-08
      1757     2.32362470622930E-08
      1758     2.30530802818736E-08
      1759     2.28713574008113E-08
      1760     2.26910669870345E-08
      1761     2.25121977616454E-08
      1762     2.23347385518281E-08
      1763     2.21586782008500E-08
      1764     2.19840056873702E-08
      1765     2.18107100941702E-08
      1766     2.16387805924843E-08
      1767     2.14682063364754E-08
      1768     2.12989766903387E-08
      1769     2.11310810500917E-08
      1770     2.09645088807437E-08
      1771     2.07992498049572E-08
      1772     2.06352934311245E-08
      1773     2.04726294440141E-08
      1774     2.03112477582782E-08
      1775     2.01511381929499E-08
      1776     1.99922907455283E-08
      1777     1.98346954350749E-08
      1778     1.96783424424906E-08
      1779     1.95232219246722E-08
      1780     1.93693242196454E-08
      1781     1.92166396522946E-08
      1782     1.90651586646228E-08
      1783     1.89148717838167E-08
      1784     1.87657695586403E-08
      1785     1.86178426870269E-08
      1786     1.84710819071091E-08
      1787     1.83254780369475E-08
      1788     1.81810218781523E-08
      1789     1.80377044724820E-08
      1790     1.78955168019542E-08
      1791     1.77544499736452E-08
      1792     1.76144951042623E-08
      1793     1.74756435130447E-08
      1794     1.73378864447304E-08
      1795     1.72012153128613E-08
      1796     1.70656215321030E-08
      1797     1.69310965938444E-08
      1798     1.67976320887514E-08
      1799     1.66652196673843E-08
      1800     1.65338510048477E-08
      1801     1.64035179280814E-08
      1802     1.62742122236186E-08
      1803     1.61459258159734E-08
      1804     1.60186506490665E-08
      1805     1.58923787783430E-08
      1806     1.57671022914336E-08
      1807     1.56428133324948E-08
      1808     1.55195041071113E-08
      1809     1.53971669064180E-08
      1810     1.52757940837299E-08
      1811     1.51553780145091E-08
      1812     1.50359111403939E-08
      1813     1.49173860583164E-08
      1814     1.47997952008750E-08
      1815     1.46831313220300E-08
      1816     1.45673871161456E-08
      1817     1.44525552428344E-08
      1818     1.43386286079944E-08
      1819     1.42256000307054E-08
      1820     1.41134624246896E-08
      1821     1.40022087706554E-08
      1822     1.38918321330193E-08
      1823     1.37823255491954E-08
      1824     1.36736821826414E-08
      1825     1.35658952496533E-08
      1826     1.34589579461385E-08
      1827     1.33528636525817E-08
      1828     1.32476056491225E-08
      1829     1.31431773781110E-08
      1830     1.30395723054001E-08
      1831     1.29367839140376E-08
      1832     1.28348057897347E-08
      1833     1.27336315549941E-08
      1834     1.26332548249999E-08
      1835     1.25336693891745E-08
      1836     1.24348689383316E-08
      1837     1.23368473167515E-08
      1838     1.22395983480041E-08
      1839     1.21431160249998E-08
      1840     1.20473942193300E-08
      1841     1.19524269881868E-08
      1842     1.18582083659105E-08
      1843     1.17647324404363E-08
      1844     1.16719933668590E-08
      1845     1.15799853603075E-08
      1846     1.14887026107152E-08
      1847     1.13981394268197E-08
      1848     1.13082901355121E-08
      1849     1.12191491262075E-08
      1850     1.11307107700971E-08
      1851     1.10429695570368E-08
      1852     1.09559200051157E-08
      1853     1.08695566559155E-08
      1854     1.07838740830146E-08
      1855     1.06988669114255E-08
      1856     1.06145298704116E-08
      1857     1.05308576071439E-08
      1858     1.04478449124998E-08
      1859     1.03654866056130E-08
      1860     1.02837775365628E-08
      1861     1.02027125524815E-08
      1862     1.01222865832976E-08
      1863     1.00424945781068E-08
      1864     9.96333158819091E-09
Sum of norm =     4.20450931149721E+00
