         1     1.41160376147271E+00
         2     6.95169498979828E-01
         3     4.31662202438373E-01
         4     3.12622343929988E-01
         5     2.47408197578423E-01
         6     2.06189747517169E-01
         7     1.77518266168475E-01
         8     1.56249513871427E-01
         9     1.39744979822315E-01
        10     1.26506400767363E-01
        11     1.15615105256694E-01
        12     1.06473754138394E-01
        13     9.86756875048748E-02
        14     9.19336696426931E-02
        15     8.60386034145456E-02
        16     8.08343965908579E-02
        17     7.62020192013661E-02
        18     7.20490332038440E-02
        19     6.83025075637562E-02
        20     6.49040977180159E-02
        21     6.18065490713594E-02
        22     5.89711615583169E-02
        23     5.63659178237235E-02
        24     5.39640792560473E-02
        25     5.17431181812628E-02
        26     4.96838958201143E-02
        27     4.77700227723257E-02
        28     4.59873569931728E-02
        29     4.43236066433780E-02
        30     4.27680138073357E-02
        31     4.13111011513305E-02
        32     3.99444679504881E-02
        33     3.86606250873184E-02
        34     3.74528609727593E-02
        35     3.63151321029195E-02
        36     3.52419733052438E-02
        37     3.42284237599180E-02
        38     3.32699656854688E-02
        39     3.23624732081078E-02
        40     3.15021694332231E-02
        41     3.06855901343216E-02
        42     2.99095527918981E-02
        43     2.91711299688677E-02
        44     2.84676262132100E-02
        45     2.77965578422560E-02
        46     2.71556350944750E-02
        47     2.65427462398609E-02
        48     2.59559433241187E-02
        49     2.53934292888062E-02
        50     2.48535462627021E-02
        51     2.43347648616110E-02
        52     2.38356743667796E-02
        53     2.33549736778719E-02
        54     2.28914629564905E-02
        55     2.24440358917649E-02
        56     2.20116725314616E-02
        57     2.15934326312595E-02
        58     2.11884494818517E-02
        59     2.07959241789113E-02
        60     2.04151203050794E-02
        61     2.00453589963219E-02
        62     1.96860143674819E-02
        63     1.93365092738342E-02
        64     1.89963113870502E-02
        65     1.86649295653255E-02
        66     1.83419104985820E-02
        67     1.80268356106812E-02
        68     1.77193182015315E-02
        69     1.74190008128510E-02
        70     1.71255528021882E-02
        71     1.68386681106136E-02
        72     1.65580632102774E-02
        73     1.62834752187989E-02
        74     1.60146601681945E-02
        75     1.57513914167819E-02
        76     1.54934581932017E-02
        77     1.52406642623818E-02
        78     1.49928267039281E-02
        79     1.47497747940600E-02
        80     1.45113489828174E-02
        81     1.42773999588409E-02
        82     1.40477877945816E-02
        83     1.38223811653161E-02
        84     1.36010566358367E-02
        85     1.33836980091484E-02
        86     1.31701957319429E-02
        87     1.29604463520257E-02
        88     1.27543520232550E-02
        89     1.25518200539066E-02
        90     1.23527624947086E-02
        91     1.21570957631000E-02
        92     1.19647403005492E-02
        93     1.17756202600316E-02
        94     1.15896632210155E-02
        95     1.14067999295206E-02
        96     1.12269640610296E-02
        97     1.10500920042194E-02
        98     1.08761226636552E-02
        99     1.07049972797528E-02
       100     1.05366592644616E-02
       101     1.03710540512568E-02
       102     1.02081289581539E-02
       103     1.00478330625726E-02
       104     9.89011708698131E-03
       105     9.73493329434805E-03
       106     9.58223539251249E-03
       107     9.43197844667164E-03
       108     9.28411879924520E-03
       109     9.13861399645237E-03
       110     8.99542272099350E-03
       111     8.85450473028271E-03
       112     8.71582079973079E-03
       113     8.57933267062142E-03
       114     8.44500300216521E-03
       115     8.31279532735561E-03
       116     8.18267401228387E-03
       117     8.05460421860139E-03
       118     7.92855186884860E-03
       119     7.80448361439116E-03
       120     7.68236680573347E-03
       121     7.56216946499515E-03
       122     7.44386026036038E-03
       123     7.32740848232469E-03
       124     7.21278402158096E-03
       125     7.09995734840082E-03
       126     6.98889949338128E-03
       127     6.87958202943775E-03
       128     6.77197705493574E-03
       129     6.66605717786371E-03
       130     6.56179550095847E-03
       131     6.45916560770237E-03
       132     6.35814154911912E-03
       133     6.25869783130193E-03
       134     6.16080940361333E-03
       135     6.06445164750221E-03
       136     5.96960036588790E-03
       137     5.87623177306614E-03
       138     5.78432248509559E-03
       139     5.69384951062795E-03
       140     5.60479024214668E-03
       141     5.51712244758437E-03
       142     5.43082426228992E-03
       143     5.34587418131983E-03
       144     5.26225105203075E-03
       145     5.17993406695118E-03
       146     5.09890275691367E-03
       147     5.01913698442930E-03
       148     4.94061693728842E-03
       149     4.86332312237292E-03
       150     4.78723635966632E-03
       151     4.71233777644989E-03
       152     4.63860880167284E-03
       153     4.56603116048669E-03
       154     4.49458686893427E-03
       155     4.42425822878446E-03
       156     4.35502782250498E-03
       157     4.28687850836616E-03
       158     4.21979341566782E-03
       159     4.15375594008466E-03
       160     4.08874973912320E-03
       161     4.02475872768565E-03
       162     3.96176707373556E-03
       163     3.89975919406099E-03
       164     3.83871975013069E-03
       165     3.77863364403997E-03
       166     3.71948601454207E-03
       167     3.66126223316225E-03
       168     3.60394790039090E-03
       169     3.54752884195364E-03
       170     3.49199110515469E-03
       171     3.43732095529194E-03
       172     3.38350487214063E-03
       173     3.33052954650385E-03
       174     3.27838187682774E-03
       175     3.22704896587919E-03
       176     3.17651811748462E-03
       177     3.12677683332745E-03
       178     3.07781280980359E-03
       179     3.02961393493232E-03
       180     2.98216828532173E-03
       181     2.93546412318745E-03
       182     2.88948989342266E-03
       183     2.84423422071905E-03
       184     2.79968590673637E-03
       185     2.75583392732059E-03
       186     2.71266742976884E-03
       187     2.67017573014015E-03
       188     2.62834831061128E-03
       189     2.58717481687639E-03
       190     2.54664505558970E-03
       191     2.50674899185029E-03
       192     2.46747674672805E-03
       193     2.42881859483020E-03
       194     2.39076496190717E-03
       195     2.35330642249749E-03
       196     2.31643369761066E-03
       197     2.28013765244721E-03
       198     2.24440929415573E-03
       199     2.20923976962553E-03
       200     2.17462036331453E-03
       201     2.14054249511214E-03
       202     2.10699771823575E-03
       203     2.07397771716074E-03
       204     2.04147430558337E-03
       205     2.00947942441574E-03
       206     1.97798513981245E-03
       207     1.94698364122828E-03
       208     1.91646723950666E-03
       209     1.88642836499776E-03
       210     1.85685956570646E-03
       211     1.82775350546921E-03
       212     1.79910296215937E-03
       213     1.77090082592055E-03
       214     1.74314009742774E-03
       215     1.71581388617537E-03
       216     1.68891540879200E-03
       217     1.66243798738149E-03
       218     1.63637504788971E-03
       219     1.61072011849679E-03
       220     1.58546682803425E-03
       221     1.56060890442675E-03
       222     1.53614017315793E-03
       223     1.51205455576020E-03
       224     1.48834606832760E-03
       225     1.46500882005217E-03
       226     1.44203701178235E-03
       227     1.41942493460426E-03
       228     1.39716696844465E-03
       229     1.37525758069524E-03
       230     1.35369132485875E-03
       231     1.33246283921554E-03
       232     1.31156684551094E-03
       233     1.29099814766267E-03
       234     1.27075163048862E-03
       235     1.25082225845365E-03
       236     1.23120507443631E-03
       237     1.21189519851426E-03
       238     1.19288782676830E-03
       239     1.17417823010524E-03
       240     1.15576175309860E-03
       241     1.13763381284720E-03
       242     1.11978989785148E-03
       243     1.10222556690691E-03
       244     1.08493644801478E-03
       245     1.06791823730944E-03
       246     1.05116669800223E-03
       247     1.03467765934169E-03
       248     1.01844701558972E-03
       249     1.00247072501353E-03
       250     9.86744808893107E-04
       251     9.71265350544053E-04
       252     9.56028494355356E-04
       253     9.41030444842094E-04
       254     9.26267465712584E-04
       255     9.11735878950106E-04
       256     8.97432063908578E-04
       257     8.83352456422316E-04
       258     8.69493547929375E-04
       259     8.55851884608528E-04
       260     8.42424066529502E-04
       261     8.29206746816173E-04
       262     8.16196630822901E-04
       263     8.03390475323405E-04
       264     7.90785087712187E-04
       265     7.78377325218182E-04
       266     7.66164094130739E-04
       267     7.54142349037328E-04
       268     7.42309092073069E-04
       269     7.30661372181914E-04
       270     7.19196284389111E-04
       271     7.07910969084991E-04
       272     6.96802611319725E-04
       273     6.85868440109031E-04
       274     6.75105727750575E-04
       275     6.64511789150874E-04
       276     6.54083981162690E-04
       277     6.43819701932561E-04
       278     6.33716390258528E-04
       279     6.23771524957551E-04
       280     6.13982624242996E-04
       281     6.04347245111549E-04
       282     5.94862982739623E-04
       283     5.85527469889161E-04
       284     5.76338376322543E-04
       285     5.67293408226572E-04
       286     5.58390307645479E-04
       287     5.49626851922425E-04
       288     5.41000853149929E-04
       289     5.32510157628686E-04
       290     5.24152645334543E-04
       291     5.15926229394294E-04
       292     5.07828855568840E-04
       293     4.99858501744964E-04
       294     4.92013177434672E-04
       295     4.84290923282340E-04
       296     4.76689810579585E-04
       297     4.69207940787431E-04
       298     4.61843445066151E-04
       299     4.54594483812218E-04
       300     4.47459246202395E-04
       301     4.40435949745165E-04
       302     4.33522839838673E-04
       303     4.26718189335995E-04
       304     4.20020298116751E-04
       305     4.13427492665614E-04
       306     4.06938125657259E-04
       307     4.00550575547753E-04
       308     3.94263246172332E-04
       309     3.88074566349352E-04
       310     3.81982989490319E-04
       311     3.75986993216294E-04
       312     3.70085078979850E-04
       313     3.64275771693116E-04
       314     3.58557619361625E-04
       315     3.52929192723666E-04
       316     3.47389084895434E-04
       317     3.41935911021597E-04
       318     3.36568307931312E-04
       319     3.31284933799557E-04
       320     3.26084467813740E-04
       321     3.20965609845536E-04
       322     3.15927080127770E-04
       323     3.10967618936406E-04
       324     3.06085986277238E-04
       325     3.01280961577840E-04
       326     2.96551343383947E-04
       327     2.91895949060853E-04
       328     2.87313614499159E-04
       329     2.82803193825392E-04
       330     2.78363559116812E-04
       331     2.73993600121100E-04
       332     2.69692223979839E-04
       333     2.65458354956861E-04
       334     2.61290934170385E-04
       335     2.57188919329650E-04
       336     2.53151284475346E-04
       337     2.49177019724362E-04
       338     2.45265131018379E-04
       339     2.41414639876380E-04
       340     2.37624583151047E-04
       341     2.33894012788813E-04
       342     2.30221995594052E-04
       343     2.26607612996381E-04
       344     2.23049960822026E-04
       345     2.19548149068570E-04
       346     2.16101301683272E-04
       347     2.12708556344721E-04
       348     2.09369064248137E-04
       349     2.06081989893778E-04
       350     2.02846510878719E-04
       351     1.99661817691952E-04
       352     1.96527113512648E-04
       353     1.93441614011429E-04
       354     1.90404547155047E-04
       355     1.87415153013772E-04
       356     1.84472683571956E-04
       357     1.81576402541671E-04
       358     1.78725585178889E-04
       359     1.75919518102952E-04
       360     1.73157499118598E-04
       361     1.70438837040848E-04
       362     1.67762851522582E-04
       363     1.65128872884878E-04
       364     1.62536241949984E-04
       365     1.59984309876767E-04
       366     1.57472437999036E-04
       367     1.54999997665970E-04
       368     1.52566370085461E-04
       369     1.50170946169566E-04
       370     1.47813126382586E-04
       371     1.45492320591505E-04
       372     1.43207947918503E-04
       373     1.40959436596237E-04
       374     1.38746223824972E-04
       375     1.36567755632143E-04
       376     1.34423486734014E-04
       377     1.32312880399636E-04
       378     1.30235408316810E-04
       379     1.28190550460192E-04
       380     1.26177794961427E-04
       381     1.24196637981402E-04
       382     1.22246583584311E-04
       383     1.20327143613938E-04
       384     1.18437837571742E-04
       385     1.16578192496728E-04
       386     1.14747742847486E-04
       387     1.12946030385790E-04
       388     1.11172604062196E-04
       389     1.09427019903405E-04
       390     1.07708840901235E-04
       391     1.06017636903592E-04
       392     1.04352984506918E-04
       393     1.02714466950489E-04
       394     1.01101674012190E-04
       395     9.95142019060819E-05
       396     9.79516531814927E-05
       397     9.64136366237288E-05
       398     9.48997671562496E-05
       399     9.34096657445354E-05
       400     9.19429593012539E-05
       401     9.04992805931327E-05
       402     8.90782681490673E-05
       403     8.76795661698861E-05
       404     8.63028244392938E-05
       405     8.49476982365036E-05
       406     8.36138482498730E-05
       407     8.23009404922551E-05
       408     8.10086462173938E-05
       409     7.97366418377951E-05
       410     7.84846088438571E-05
       411     7.72522337241779E-05
       412     7.60392078871722E-05
       413     7.48452275840142E-05
       414     7.36699938325621E-05
       415     7.25132123426495E-05
       416     7.13745934426056E-05
       417     7.02538520066929E-05
       418     6.91507073837974E-05
       419     6.80648833273181E-05
       420     6.69961079260895E-05
       421     6.59441135363300E-05
       422     6.49086367147495E-05
       423     6.38894181526725E-05
       424     6.28862026110552E-05
       425     6.18987388568624E-05
       426     6.09267796000678E-05
       427     5.99700814318936E-05
       428     5.90284047638198E-05
       429     5.81015137677804E-05
       430     5.71891763171023E-05
       431     5.62911639284834E-05
       432     5.54072517046947E-05
       433     5.45372182785605E-05
       434     5.36808457573694E-05
       435     5.28379196684968E-05
       436     5.20082289056711E-05
       437     5.11915656762121E-05
       438     5.03877254489842E-05
       439     4.95965069032816E-05
       440     4.88177118784341E-05
       441     4.80511453242117E-05
       442     4.72966152520757E-05
       443     4.65539326870814E-05
       444     4.58229116206155E-05
       445     4.51033689638202E-05
       446     4.43951245018919E-05
       447     4.36980008488501E-05
       448     4.30118234032025E-05
       449     4.23364203042688E-05
       450     4.16716223891627E-05
       451     4.10172631504464E-05
       452     4.03731786944732E-05
       453     3.97392077003384E-05
       454     3.91151913796335E-05
       455     3.85009734365064E-05
       456     3.78964000286670E-05
       457     3.73013197289597E-05
       458     3.67155834872252E-05
       459     3.61390445932233E-05
       460     3.55715586398472E-05
       461     3.50129834868953E-05
       462     3.44631792256673E-05
       463     3.39220081437404E-05
       464     3.33893346906247E-05
       465     3.28650254438400E-05
       466     3.23489490754490E-05
       467     3.18409763192499E-05
       468     3.13409799384008E-05
       469     3.08488346935401E-05
       470     3.03644173114107E-05
       471     2.98876064541813E-05
       472     2.94182826887698E-05
       473     2.89563284572576E-05
       474     2.85016280472407E-05
       475     2.80540675629351E-05
       476     2.76135348967266E-05
       477     2.71799197009689E-05
       478     2.67531133604998E-05
       479     2.63330089653329E-05
       480     2.59195012840042E-05
       481     2.55124867371094E-05
       482     2.51118633714529E-05
       483     2.47175308345129E-05
       484     2.43293903492517E-05
       485     2.39473446895179E-05
       486     2.35712981555296E-05
       487     2.32011565500994E-05
       488     2.28368271548659E-05
       489     2.24782187072428E-05
       490     2.21252413774279E-05
       491     2.17778067461032E-05
       492     2.14358277819658E-05
       493     2.10992188203621E-05
       494     2.07678955414953E-05
       495     2.04417749494084E-05
       496     2.01207753513530E-05
       497     1.98048163370955E-05
       498     1.94938187589561E-05
       499     1.91877047118921E-05
       500     1.88863975140532E-05
       501     1.85898216876044E-05
       502     1.82979029396976E-05
       503     1.80105681440099E-05
       504     1.77277453222983E-05
       505     1.74493636265272E-05
       506     1.71753533210280E-05
       507     1.69056457649822E-05
       508     1.66401733954181E-05
       509     1.63788697101143E-05
       510     1.61216692510356E-05
       511     1.58685075878742E-05
       512     1.56193213020529E-05
       513     1.53740479706253E-05
       514     1.51326261508491E-05
       515     1.48949953646924E-05
       516     1.46610960837045E-05
       517     1.44308697141578E-05
       518     1.42042585822564E-05
       519     1.39812059198306E-05
       520     1.37616558499837E-05
       521     1.35455533733107E-05
       522     1.33328443538227E-05
       523     1.31234755056491E-05
       524     1.29173943795851E-05
       525     1.27145493499206E-05
       526     1.25148896015973E-05
       527     1.23183651174406E-05
       528     1.21249266655896E-05
       529     1.19345257872712E-05
       530     1.17471147845406E-05
       531     1.15626467084740E-05
       532     1.13810753472559E-05
       533     1.12023552147110E-05
       534     1.10264415388868E-05
       535     1.08532902508342E-05
       536     1.06828579735756E-05
       537     1.05151020112599E-05
       538     1.03499803383824E-05
       539     1.01874515893895E-05
       540     1.00274750481864E-05
       541     9.87001063807692E-06
       542     9.71501891162467E-06
       543     9.56246104074635E-06
       544     9.41229880715027E-06
       545     9.26449459255828E-06
       546     9.11901136939035E-06
       547     8.97581269158925E-06
       548     8.83486268521614E-06
       549     8.69612603974448E-06
       550     8.55956799906741E-06
       551     8.42515435281962E-06
       552     8.29285142788224E-06
       553     8.16262607979296E-06
       554     8.03444568456152E-06
       555     7.90827813049141E-06
       556     7.78409181012349E-06
       557     7.66185561223839E-06
       558     7.54153891424957E-06
       559     7.42311157431414E-06
       560     7.30654392397504E-06
       561     7.19180676058565E-06
       562     7.07887134007286E-06
       563     6.96770936969158E-06
       564     6.85829300099378E-06
       565     6.75059482283105E-06
       566     6.64458785446220E-06
       567     6.54024553879909E-06
       568     6.43754173576939E-06
       569     6.33645071577857E-06
       570     6.23694715325429E-06
       571     6.13900612032695E-06
       572     6.04260308048580E-06
       573     5.94771388257435E-06
       574     5.85431475464446E-06
       575     5.76238229807726E-06
       576     5.67189348160509E-06
       577     5.58282563558977E-06
       578     5.49515644647943E-06
       579     5.40886395106682E-06
       580     5.32392653095561E-06
       581     5.24032290726092E-06
       582     5.15803213529016E-06
       583     5.07703359913581E-06
       584     4.99730700673089E-06
       585     4.91883238453073E-06
       586     4.84159007272467E-06
       587     4.76556072014910E-06
       588     4.69072527959090E-06
       589     4.61706500282741E-06
       590     4.54456143612474E-06
       591     4.47319641549768E-06
       592     4.40295206212143E-06
       593     4.33381077802466E-06
       594     4.26575524154511E-06
       595     4.19876840298808E-06
       596     4.13283348035604E-06
       597     4.06793395522986E-06
       598     4.00405356864937E-06
       599     3.94117631682877E-06
       600     3.87928644733503E-06
       601     3.81836845515067E-06
       602     3.75840707865823E-06
       603     3.69938729594433E-06
       604     3.64129432094978E-06
       605     3.58411359982464E-06
       606     3.52783080724269E-06
       607     3.47243184284090E-06
       608     3.41790282763902E-06
       609     3.36423010063107E-06
       610     3.31140021537373E-06
       611     3.25939993646072E-06
       612     3.20821623640035E-06
       613     3.15783629226703E-06
       614     3.10824748248242E-06
       615     3.05943738367101E-06
       616     3.01139376748634E-06
       617     2.96410459770436E-06
       618     2.91755802704057E-06
       619     2.87174239428748E-06
       620     2.82664622128706E-06
       621     2.78225821018176E-06
       622     2.73856724054290E-06
       623     2.69556236649097E-06
       624     2.65323281412319E-06
       625     2.61156797861672E-06
       626     2.57055742177552E-06
       627     2.53019086923987E-06
       628     2.49045820805875E-06
       629     2.45134948401633E-06
       630     2.41285489926311E-06
       631     2.37496480977765E-06
       632     2.33766972297742E-06
       633     2.30096029538069E-06
       634     2.26482733016195E-06
       635     2.22926177498295E-06
       636     2.19425471963466E-06
       637     2.15979739380185E-06
       638     2.12588116489358E-06
       639     2.09249753591248E-06
       640     2.05963814326416E-06
       641     2.02729475471601E-06
       642     1.99545926722535E-06
       643     1.96412370512188E-06
       644     1.93328021787584E-06
       645     1.90292107829332E-06
       646     1.87303868048309E-06
       647     1.84362553801173E-06
       648     1.81467428198729E-06
       649     1.78617765930036E-06
       650     1.75812853064958E-06
       651     1.73051986888021E-06
       652     1.70334475717479E-06
       653     1.67659638736800E-06
       654     1.65026805821458E-06
       655     1.62435317360412E-06
       656     1.59884524109357E-06
       657     1.57373787016248E-06
       658     1.54902477068788E-06
       659     1.52469975124134E-06
       660     1.50075671767001E-06
       661     1.47718967150750E-06
       662     1.45399270850591E-06
       663     1.43116001708825E-06
       664     1.40868587699775E-06
       665     1.38656465774703E-06
       666     1.36479081727275E-06
       667     1.34335890059603E-06
       668     1.32226353833127E-06
       669     1.30149944544906E-06
       670     1.28106141988656E-06
       671     1.26094434132164E-06
       672     1.24114316975593E-06
       673     1.22165294440584E-06
       674     1.20246878235675E-06
       675     1.18358587738918E-06
       676     1.16499949874174E-06
       677     1.14670498995121E-06
       678     1.12869776763789E-06
       679     1.11097332046806E-06
       680     1.09352720792986E-06
       681     1.07635505918051E-06
       682     1.05945257210689E-06
       683     1.04281551205503E-06
       684     1.02643971090341E-06
       685     1.01032106607676E-06
       686     9.94455539299552E-07
       687     9.78839155773440E-07
       688     9.63468003084482E-07
       689     9.48338230303729E-07
       690     9.33446046899642E-07
       691     9.18787721954927E-07
       692     9.04359583073685E-07
       693     8.90158015573300E-07
       694     8.76179461449484E-07
       695     8.62420418720466E-07
       696     8.48877440245811E-07
       697     8.35547133096813E-07
       698     8.22426157630912E-07
       699     8.09511226609930E-07
       700     7.96799104412710E-07
       701     7.84286606275780E-07
       702     7.71970597403111E-07
       703     7.59847992247597E-07
       704     7.47915753750129E-07
       705     7.36170892416343E-07
       706     7.24610465863770E-07
       707     7.13231577797624E-07
       708     7.02031377453490E-07
       709     6.91007058831293E-07
       710     6.80155859966558E-07
       711     6.69475062296424E-07
       712     6.58961989973286E-07
       713     6.48614009081203E-07
       714     6.38428527141336E-07
       715     6.28402992353958E-07
       716     6.18534893013683E-07
       717     6.08821756859271E-07
       718     5.99261150417704E-07
       719     5.89850678455411E-07
       720     5.80587983325444E-07
       721     5.71470744464340E-07
       722     5.62496677671056E-07
       723     5.53663534689103E-07
       724     5.44969102497661E-07
       725     5.36411202900087E-07
       726     5.27987691816189E-07
       727     5.19696458921290E-07
       728     5.11535427007097E-07
       729     5.03502551435776E-07
       730     4.95595819737819E-07
       731     4.87813250997602E-07
       732     4.80152895431651E-07
       733     4.72612833909947E-07
       734     4.65191177357636E-07
       735     4.57886066452750E-07
       736     4.50695671002256E-07
       737     4.43618189560766E-07
       738     4.36651849018684E-07
       739     4.29794904071938E-07
       740     4.23045636871266E-07
       741     4.16402356424052E-07
       742     4.09863398452225E-07
       743     4.03427124675316E-07
       744     3.97091922672044E-07
       745     3.90856205200792E-07
       746     3.84718410002612E-07
       747     3.78676999435877E-07
       748     3.72730459879853E-07
       749     3.66877301511911E-07
       750     3.61116057967727E-07
       751     3.55445285842561E-07
       752     3.49863564467638E-07
       753     3.44369495384547E-07
       754     3.38961702182149E-07
       755     3.33638830023355E-07
       756     3.28399545341839E-07
       757     3.23242535556327E-07
       758     3.18166508610441E-07
       759     3.13170192858486E-07
       760     3.08252336555873E-07
       761     3.03411707565561E-07
       762     2.98647093203862E-07
       763     2.93957299779517E-07
       764     2.89341152285742E-07
       765     2.84797494304369E-07
       766     2.80325187446836E-07
       767     2.75923111254896E-07
       768     2.71590162900444E-07
       769     2.67325256813079E-07
       770     2.63127324510127E-07
       771     2.58995314263611E-07
       772     2.54928190860883E-07
       773     2.50924935372241E-07
       774     2.46984544852378E-07
       775     2.43106032077324E-07
       776     2.39288425363657E-07
       777     2.35530768311129E-07
       778     2.31832119458131E-07
       779     2.28191552181336E-07
       780     2.24608154398771E-07
       781     2.21081028371930E-07
       782     2.17609290426841E-07
       783     2.14192070789873E-07
       784     2.10828513308093E-07
       785     2.07517775330236E-07
       786     2.04259027386347E-07
       787     2.01051453064335E-07
       788     1.97894248788753E-07
       789     1.94786623506421E-07
       790     1.91727798704509E-07
       791     1.88717008051868E-07
       792     1.85753497247613E-07
       793     1.82836523792133E-07
       794     1.79965356932839E-07
       795     1.77139277311972E-07
       796     1.74357576965391E-07
       797     1.71619558900652E-07
       798     1.68924537200057E-07
       799     1.66271836696519E-07
       800     1.63660792751491E-07
       801     1.61090751235454E-07
       802     1.58561068292139E-07
       803     1.56071110104258E-07
       804     1.53620252883582E-07
       805     1.51207882619130E-07
       806     1.48833394913099E-07
       807     1.46496194902715E-07
       808     1.44195697011420E-07
       809     1.41931324875679E-07
       810     1.39702511281986E-07
       811     1.37508697737196E-07
       812     1.35349334672011E-07
       813     1.33223881082551E-07
       814     1.31131804492528E-07
       815     1.29072580745844E-07
       816     1.27045693933953E-07
       817     1.25050636254914E-07
       818     1.23086907888105E-07
       819     1.21154016873477E-07
       820     1.19251478942795E-07
       821     1.17378817445120E-07
       822     1.15535563223509E-07
       823     1.13721254466869E-07
       824     1.11935436647639E-07
       825     1.10177662358725E-07
       826     1.08447491209121E-07
       827     1.06744489738670E-07
       828     1.05068231289857E-07
       829     1.03418295916677E-07
       830     1.01794270216107E-07
       831     1.00195747378230E-07
       832     9.86223268650406E-08
       833     9.70736145239688E-08
       834     9.55492222987280E-08
       835     9.40487683533255E-08
       836     9.25718767112055E-08
       837     9.11181773719867E-08
       838     8.96873061742625E-08
       839     8.82789045966978E-08
       840     8.68926197995243E-08
       841     8.55281044943285E-08
       842     8.41850168043933E-08
       843     8.28630202176937E-08
       844     8.15617835920269E-08
       845     8.02809808822627E-08
       846     7.90202911932258E-08
       847     7.77793987071151E-08
       848     7.65579925520163E-08
       849     7.53557666877861E-08
       850     7.41724199333078E-08
       851     7.30076558397648E-08
       852     7.18611825761430E-08
       853     7.07327128980128E-08
       854     6.96219641078524E-08
       855     6.85286579520184E-08
       856     6.74525204535152E-08
       857     6.63932820599573E-08
       858     6.53506773881495E-08
       859     6.43244452007489E-08
       860     6.33143284265982E-08
       861     6.23200739869469E-08
       862     6.13414327880692E-08
       863     6.03781596411833E-08
       864     5.94300132166621E-08
       865     5.84967560141981E-08
       866     5.75781541527398E-08
       867     5.66739775264906E-08
       868     5.57839995993812E-08
       869     5.49079974335800E-08
       870     5.40457515168911E-08
       871     5.31970458645163E-08
       872     5.23616678264876E-08
       873     5.15394081136003E-08
       874     5.07300607347016E-08
       875     4.99334229202963E-08
       876     4.91492950565392E-08
       877     4.83774807429382E-08
       878     4.76177865691072E-08
       879     4.68700222324883E-08
       880     4.61340003922834E-08
       881     4.54095366515413E-08
       882     4.46964495070585E-08
       883     4.39945603007016E-08
       884     4.33036931798705E-08
       885     4.26236750549394E-08
       886     4.19543355820314E-08
       887     4.12955070545519E-08
       888     4.06470244440711E-08
       889     4.00087252170022E-08
       890     3.93804495183089E-08
       891     3.87620399313981E-08
       892     3.81533415357249E-08
       893     3.75542018038842E-08
       894     3.69644706160450E-08
       895     3.63840002741471E-08
       896     3.58126453365164E-08
       897     3.52502626253103E-08
       898     3.46967113086325E-08
       899     3.41518526435458E-08
       900     3.36155501347636E-08
       901     3.30876694374945E-08
       902     3.25680783298697E-08
       903     3.20566465835081E-08
       904     3.15532460858956E-08
       905     3.10577507301790E-08
       906     3.05700363662235E-08
       907     3.00899807957887E-08
       908     2.96174637645109E-08
       909     2.91523669134660E-08
       910     2.86945736566338E-08
       911     2.82439693647527E-08
       912     2.78004411245060E-08
       913     2.73638778209704E-08
       914     2.69341700431080E-08
       915     2.65112102040646E-08
       916     2.60948922759968E-08
       917     2.56851120030793E-08
       918     2.52817666816259E-08
       919     2.48847552879438E-08
       920     2.44939783552122E-08
       921     2.41093379586388E-08
       922     2.37307377548854E-08
       923     2.33580828989708E-08
       924     2.29912800128624E-08
       925     2.26302372133042E-08
       926     2.22748640164865E-08
       927     2.19250714152747E-08
       928     2.15807717745627E-08
       929     2.12418788373587E-08
       930     2.09083076747364E-08
       931     2.05799747515842E-08
       932     2.02567977840801E-08
       933     1.99386958352119E-08
       934     1.96255891813287E-08
       935     1.93173993743288E-08
       936     1.90140492388248E-08
       937     1.87154627317489E-08
       938     1.84215650531871E-08
       939     1.81322826251749E-08
       940     1.78475429275346E-08
       941     1.75672746198373E-08
       942     1.72914074930291E-08
       943     1.70198724377659E-08
       944     1.67526014357052E-08
       945     1.64895274771721E-08
       946     1.62305847241255E-08
       947     1.59757082692209E-08
       948     1.57248342621070E-08
       949     1.54778998319231E-08
       950     1.52348431494788E-08
       951     1.49956032894169E-08
       952     1.47601203045771E-08
       953     1.45283352491342E-08
       954     1.43001900117922E-08
       955     1.40756274554468E-08
       956     1.38545912834347E-08
       957     1.36370261732696E-08
       958     1.34228775714434E-08
       959     1.32120918372225E-08
       960     1.30046162058042E-08
       961     1.28003986241468E-08
       962     1.25993879853261E-08
       963     1.24015338943189E-08
       964     1.22067868287235E-08
       965     1.20150979565702E-08
       966     1.18264192438939E-08
       967     1.16407034506829E-08
       968     1.14579040381482E-08
       969     1.12779752188023E-08
       970     1.11008719041559E-08
       971     1.09265497300850E-08
       972     1.07549650301594E-08
       973     1.05860747589717E-08
       974     1.04198366943108E-08
       975     1.02562091219471E-08
       976     1.00951510704975E-08
       977     9.93662219567303E-09
Sum of norm =     4.20450931088230E+00
